#######BAM SIM (BAM MSE & General Simulation) INPUT#######
# Model start year
1
# Number of years
70
# S-R start year
1
# S-R end year
70
# Possible 3 phases of recdev constraint
5
67
# End year for selectivity time blocks (if used)
60
# SPR switch
3
# SPR proxy
0.4
# Number of ages in the population
20
# Vector of ages in population
1	2	3	4	5	6	7	8	9	10	11	12	13	14	15	16	17	18	19	20
# Number of ages in age comps data
20
# Vector ages in age comps data
1	2	3	4	5	6	7	8	9	10	11	12	13	14	15	16	17	18	19	20
# Number of length bins for length comps data
27
# Bin width
30
# Vector of length bins in length comps data
210	240	270	300	330	360	390	420	450	480	510	540	570	600	630	660	690	720	750	780	810	840	870	900	930	960	990
# Max F used in SPR and MSY calcs
1
# Number of iterations for SPR calcs
1001
# Number of years at end of time series to avg fleet Fs (for weighted selex)
3
# S-R bias correction
1
#######SURVEY DATA#######
# Survey/index number of years
70
# Survey/index years
1	2	3	4	5	6	7	8	9	10	11	12	13	14	15	16	17	18	19	20	21	22	23	24	25	26	27	28	29	30	31	32	33	34	35	36	37	38	39	40	41	42	43	44	45	46	47	48	49	50	51	52	53	54	55	56	57	58	59	60	61	62	63	64	65	66	67	68	69	70
# Survey/index observed values
1.58813621698208	1.77006364783718	1.56129821283629	1.2497447037873	1.91173820158236	2.31471021127339	2.00882117561689	1.31479674522132	1.34513540489676	1.26166297119617	1.57565386286531	0.678809391098208	1.49726895723342	1.53187875472746	2.3310802258884	1.24481838096787	1.16911647352079	0.933461547761191	1.98344937232563	1.10389970285602	0.922625119740815	1.84252234661424	0.970153031209892	0.961452398922831	1.46936304113696	0.714988777508068	1.26245872970146	0.854106962403733	1.07056453310946	1.68924449403296	0.745728352188298	0.773546596107633	0.835765220874882	1.25209701117361	0.523855951630449	0.939889551345234	0.939929378259893	0.615773817260546	0.390386964788744	0.827885670066296	0.807807620741361	0.620795743970639	0.736492559972709	0.657186319948384	0.54978335569143	0.689202937633035	0.849030576542147	0.900805658495501	0.95768184259132	0.663475439249344	0.331734157318039	0.722798884821476	0.584805117204473	0.511314259984117	0.419813200114221	0.515364028378794	0.494313118228778	0.547411605211668	0.643616878675969	0.763208327153916	0.587523518127777	0.364260665940156	0.498041660494274	0.551730894741938	0.366713191064463	0.777487226232207	0.530298532744958	0.488205091607551	0.388420580668528	0.572740946174605
# Survey/index cv of observed values
0.1	0.1	0.1	0.1	0.1	0.1	0.1	0.1	0.1	0.1	0.1	0.1	0.1	0.1	0.1	0.1	0.1	0.1	0.1	0.1	0.1	0.1	0.1	0.1	0.1	0.1	0.1	0.1	0.1	0.1	0.1	0.1	0.1	0.1	0.1	0.1	0.1	0.1	0.1	0.1	0.1	0.1	0.1	0.1	0.1	0.1	0.1	0.1	0.1	0.1	0.1	0.1	0.1	0.1	0.1	0.1	0.1	0.1	0.1	0.1	0.1	0.1	0.1	0.1	0.1	0.1	0.1	0.1	0.1	0.1
# Survey/index number of age comp years
70
# Survey/index age comp years
1	2	3	4	5	6	7	8	9	10	11	12	13	14	15	16	17	18	19	20	21	22	23	24	25	26	27	28	29	30	31	32	33	34	35	36	37	38	39	40	41	42	43	44	45	46	47	48	49	50	51	52	53	54	55	56	57	58	59	60	61	62	63	64	65	66	67	68	69	70
# Survey/index age comp sample size
100	100	100	100	100	100	100	100	100	100	100	100	100	100	100	100	100	100	100	100	100	100	100	100	100	100	100	100	100	100	100	100	100	100	100	100	100	100	100	100	100	100	100	100	100	100	100	100	100	100	100	100	100	100	100	100	100	100	100	100	100	100	100	100	100	100	100	100	100	100
# Survey/index number of fish in age comps
100	100	100	100	100	100	100	100	100	100	100	100	100	100	100	100	100	100	100	100	100	100	100	100	100	100	100	100	100	100	100	100	100	100	100	100	100	100	100	100	100	100	100	100	100	100	100	100	100	100	100	100	100	100	100	100	100	100	100	100	100	100	100	100	100	100	100	100	100	100
# Survey/index observed age comps
0	0.04	0.1	0.09	0.03	0.05	0.03	0.06	0.03	0.05	0.04	0.04	0.02	0.01	0.01	0.01	0.01	0.03	0.06	0.29
0.01	0.07	0.07	0.05	0.08	0.1	0.05	0.04	0.04	0.01	0.01	0.04	0.03	0.04	0.04	0.01	0.01	0.04	0.01	0.25
0	0.08	0.1	0.04	0.04	0.09	0.05	0.03	0.05	0.03	0.03	0.03	0.05	0.02	0.03	0.03	0.01	0	0.02	0.27
0.01	0.03	0.08	0.1	0.07	0.06	0.08	0.06	0.06	0.03	0.02	0.02	0.01	0.03	0.01	0.02	0.01	0.03	0.03	0.24
0.02	0.07	0.07	0.08	0.11	0.04	0.05	0.04	0.03	0.03	0.02	0.02	0.02	0.01	0.04	0.03	0.01	0.02	0.01	0.28
0	0.04	0.05	0.12	0.03	0.09	0.05	0.07	0.02	0.06	0.03	0.03	0.03	0.04	0.02	0.03	0.03	0.03	0.01	0.22
0.02	0.04	0.04	0.06	0.05	0.05	0.08	0.07	0.14	0.05	0	0.03	0.02	0.02	0	0.06	0.02	0.01	0	0.24
0.02	0.13	0.06	0.05	0.05	0.06	0.07	0.06	0.02	0	0.04	0.02	0.02	0.03	0.02	0.02	0.02	0.03	0.01	0.27
0	0.04	0.25	0.06	0.09	0.01	0.02	0.05	0.05	0.02	0.02	0.02	0.01	0.05	0.01	0	0.01	0.01	0.03	0.25
0.01	0.01	0.14	0.17	0.08	0.06	0.05	0.02	0.07	0.05	0.01	0.03	0.01	0	0.01	0.05	0.03	0.03	0	0.17
0	0.09	0.07	0.09	0.21	0.03	0.01	0.02	0.03	0.03	0.06	0.02	0.03	0.01	0.02	0.03	0.02	0.01	0	0.22
0.01	0.03	0.09	0.05	0.09	0.16	0.04	0.04	0.06	0.06	0.05	0.02	0.02	0.01	0.02	0.02	0.01	0	0.01	0.21
0.02	0.04	0.05	0.05	0.04	0.13	0.16	0.03	0.04	0.01	0.04	0.03	0.05	0.01	0	0	0	0.02	0.05	0.23
0.01	0.04	0.12	0.04	0.04	0.02	0.03	0.12	0.01	0.05	0.05	0	0.05	0.05	0.02	0.04	0.02	0.02	0	0.27
0.02	0.05	0.04	0.14	0.08	0.1	0.04	0.05	0.09	0.01	0.02	0.04	0.04	0.02	0.02	0.02	0.01	0.02	0.03	0.16
0	0.13	0.07	0.07	0.09	0.02	0.09	0.02	0.07	0.08	0.01	0.01	0.02	0.01	0.05	0.01	0	0.02	0.02	0.21
0.01	0.03	0.06	0.05	0.13	0.08	0.06	0.01	0	0.05	0.1	0.01	0.04	0.04	0.01	0.04	0.04	0	0.01	0.23
0.02	0.07	0.07	0.15	0.1	0.09	0.11	0.04	0.02	0.01	0.04	0.06	0.01	0.04	0.02	0.01	0	0.02	0.01	0.11
0.02	0.09	0.11	0.05	0.15	0.05	0.08	0.08	0.04	0.02	0.03	0.04	0.03	0	0.01	0.02	0.01	0.01	0.01	0.15
0	0.12	0.16	0.07	0.03	0.11	0.07	0	0.03	0.02	0.02	0.01	0.05	0.06	0.02	0.01	0.02	0.04	0	0.16
0	0.08	0.1	0.16	0.12	0.04	0.07	0.05	0.02	0.07	0.02	0.02	0	0.04	0.03	0.01	0.01	0.01	0	0.15
0.02	0.11	0.06	0.12	0.08	0.07	0.01	0.07	0.06	0.03	0.07	0.01	0.03	0.02	0.03	0.06	0.02	0	0.02	0.11
0.01	0.1	0.1	0.11	0.09	0.15	0.06	0.02	0.03	0.06	0	0.05	0	0.02	0.02	0.03	0.03	0	0.02	0.1
0.01	0.05	0.24	0.07	0.11	0.08	0.05	0.02	0.04	0.04	0.01	0.01	0.04	0.01	0.01	0.01	0	0.03	0	0.17
0.02	0.06	0.04	0.18	0.08	0.07	0.06	0.12	0.05	0.03	0.03	0.01	0.03	0.02	0.01	0.02	0.01	0.02	0.04	0.1
0.04	0.08	0.08	0.03	0.18	0.05	0.06	0.07	0.07	0.04	0.02	0.02	0.02	0.03	0.02	0.01	0.01	0.03	0.01	0.13
0.02	0.13	0.09	0.03	0.06	0.12	0.06	0.03	0.06	0.06	0.04	0.01	0.03	0.01	0	0.01	0.01	0.01	0.01	0.21
0.05	0.08	0.14	0.08	0.05	0.04	0.13	0.07	0.03	0.02	0.04	0.04	0	0.04	0.04	0.04	0.04	0.01	0.01	0.05
0.03	0.16	0.13	0.18	0.06	0.03	0.03	0.05	0.03	0.01	0.08	0.03	0.04	0	0.03	0.01	0	0.01	0	0.09
0	0.03	0.23	0.19	0.12	0.03	0.04	0.02	0.12	0.04	0	0.02	0.03	0	0	0.01	0.02	0	0.03	0.07
0.01	0.04	0.05	0.34	0.18	0.08	0.02	0.03	0.05	0.04	0.01	0	0.01	0.01	0.01	0.02	0.01	0.03	0.02	0.04
0.02	0.1	0.04	0.08	0.17	0.11	0.11	0.04	0.05	0.02	0.07	0.01	0.02	0.01	0.02	0.03	0	0	0	0.1
0.01	0.07	0.24	0.02	0.05	0.16	0.08	0.03	0.03	0.01	0.02	0.04	0.02	0.02	0.02	0.03	0.01	0	0.03	0.11
0.01	0.03	0.24	0.12	0.05	0.02	0.09	0.08	0.05	0	0.01	0.05	0.04	0.02	0.01	0.02	0.06	0	0.01	0.09
0.05	0.08	0.09	0.15	0.12	0.02	0.01	0.1	0.06	0.08	0.02	0.03	0.02	0.04	0.04	0.01	0.01	0.02	0.01	0.04
0	0.14	0.17	0.05	0.08	0.06	0.07	0.02	0.16	0.04	0.03	0	0.02	0.01	0.01	0.01	0.02	0.04	0.02	0.05
0.01	0.08	0.23	0.09	0.12	0.03	0.08	0	0.01	0.11	0.01	0.03	0	0	0.01	0.04	0.01	0.02	0	0.12
0.05	0.06	0.06	0.2	0.11	0.08	0.07	0.05	0.03	0.03	0.09	0.04	0	0.01	0	0.01	0.01	0.01	0.02	0.07
0.05	0.07	0.21	0.03	0.18	0.13	0.02	0.05	0.03	0.02	0.02	0.05	0.01	0.05	0	0.02	0	0.02	0	0.04
0	0.17	0.13	0.14	0.02	0.13	0.09	0.06	0.04	0.03	0.01	0	0.02	0.02	0.02	0	0	0.01	0.03	0.08
0	0.12	0.17	0.14	0.15	0.04	0.09	0.02	0.03	0.08	0.03	0	0.01	0.05	0.01	0.01	0.01	0.01	0	0.03
0.01	0.07	0.21	0.21	0.07	0.04	0.04	0.07	0.07	0.02	0.03	0.06	0.01	0	0.04	0.02	0	0.01	0	0.02
0.04	0.14	0.1	0.14	0.1	0.09	0.09	0	0.1	0.08	0	0.02	0.01	0	0	0.05	0	0	0	0.04
0.02	0.08	0.26	0.04	0.1	0.16	0.04	0.04	0.02	0.1	0.01	0	0.01	0.05	0	0	0.04	0	0	0.03
0.06	0.14	0.18	0.16	0.03	0.05	0.1	0.05	0.06	0.01	0.04	0.01	0.01	0.01	0	0	0	0.01	0	0.08
0.03	0.11	0.21	0.14	0.15	0.02	0.06	0.08	0.04	0.03	0.02	0.04	0.01	0.01	0.02	0	0	0	0.01	0.02
0.06	0.15	0.24	0.15	0.1	0.08	0.07	0.04	0.01	0.01	0.01	0	0	0.01	0	0.04	0	0.01	0	0.02
0.03	0.19	0.11	0.15	0.15	0.06	0.14	0.04	0	0.04	0.01	0.01	0	0.02	0	0.01	0.02	0	0.01	0.01
0	0.21	0.29	0.09	0.07	0.09	0.07	0.02	0.04	0.03	0.02	0	0	0.02	0	0	0	0.01	0	0.04
0	0.08	0.23	0.2	0.11	0.08	0.06	0.05	0.07	0.01	0.04	0.01	0.02	0.01	0	0	0	0	0	0.03
0.05	0.04	0.16	0.22	0.19	0.04	0.05	0.08	0.02	0.02	0.02	0.02	0.01	0.04	0	0	0.01	0.02	0	0.01
0.02	0.07	0.08	0.12	0.28	0.14	0.07	0.04	0.04	0.03	0.03	0.01	0.01	0.01	0	0.01	0	0.01	0.02	0.01
0.01	0.19	0.16	0.16	0.11	0.14	0.08	0.05	0.02	0.02	0.01	0.01	0	0.01	0	0.01	0.01	0	0.01	0
0.01	0.13	0.14	0.14	0.06	0.05	0.15	0.14	0.05	0.04	0.03	0.01	0.01	0	0	0	0.02	0	0	0.02
0.01	0.1	0.17	0.17	0.13	0.08	0.02	0.13	0.08	0.01	0.05	0.02	0.01	0	0	0.01	0	0	0	0.01
0.01	0.12	0.2	0.07	0.15	0.08	0.06	0.04	0.1	0.07	0.03	0.02	0.01	0.02	0	0.01	0	0	0	0.01
0.03	0.16	0.11	0.13	0.08	0.12	0.04	0.05	0.03	0.04	0.08	0.03	0.02	0.02	0.01	0.01	0	0	0.01	0.03
0.01	0.14	0.13	0.09	0.09	0.09	0.13	0.05	0.02	0.07	0.05	0.02	0.02	0.03	0.03	0.01	0.01	0	0	0.01
0.08	0.05	0.23	0.12	0.08	0.09	0.09	0.04	0.01	0.03	0.02	0.06	0.01	0.01	0.04	0.02	0.01	0	0	0.01
0	0.19	0.13	0.24	0.1	0.05	0.05	0.02	0.07	0.03	0.02	0	0.04	0.02	0	0	0.01	0.01	0	0.02
0.01	0.04	0.3	0.1	0.14	0.16	0.05	0.04	0.04	0.03	0	0.01	0.01	0.03	0.02	0	0	0	0	0.02
0.02	0.13	0.07	0.28	0.02	0.13	0.05	0.04	0.03	0.01	0.05	0.02	0.04	0.01	0.05	0.01	0.01	0.01	0.01	0.01
0.04	0.15	0.15	0.05	0.17	0.05	0.15	0.04	0.03	0.05	0.01	0.03	0.02	0.01	0.01	0.02	0.01	0	0	0.01
0.04	0.15	0.13	0.12	0.05	0.21	0.03	0.05	0.07	0.02	0.02	0.01	0	0.01	0.01	0.01	0.01	0.02	0.01	0.03
0.05	0.2	0.16	0.12	0.09	0.04	0.06	0.04	0.05	0.05	0.04	0.02	0	0.02	0.02	0.03	0	0	0	0.01
0	0.2	0.3	0.13	0.06	0.06	0.01	0.07	0.02	0.03	0.03	0.01	0.01	0.01	0.01	0.01	0.01	0	0.01	0.02
0	0.14	0.29	0.2	0.1	0.04	0.02	0	0.07	0.02	0.05	0.01	0.01	0.01	0.01	0.01	0	0	0	0.02
0.02	0.02	0.21	0.29	0.12	0.07	0.04	0.04	0.01	0.09	0.03	0	0.01	0	0.01	0	0.01	0.02	0	0.01
0.01	0.08	0.07	0.26	0.17	0.11	0.07	0.03	0.02	0.02	0.03	0.01	0.05	0.03	0	0	0.01	0	0	0.03
0.05	0.14	0.2	0.01	0.14	0.2	0.09	0.04	0.02	0.02	0	0.02	0	0.02	0.02	0.01	0	0	0	0.02
#######FLEET 1 DATA#######
# Fleet 1 landings start year
1
# Fleet 1 landings end year
70
# Fleet 1 observed landings
50.304332079825	42.5067710446157	59.5849348021329	106.664201597251	92.1789235856402	179.031994160447	146.007489066559	142.606245096466	199.774675309579	287.086972317767	318.789525289632	208.276188486911	366.285793773319	410.840686462223	338.632048932842	682.217114117899	909.593547977349	672.445279515213	891.851336228081	498.272497396977	1181.57293568208	883.213594831132	876.28875667254	873.51710279944	694.509667956008	845.989758743406	627.624803197786	1105.3998743287	1244.91525635481	1053.85806007252	864.048195783812	615.918524535862	1321.23323746837	1039.25612464589	1006.45846827072	753.384845449995	464.9586176207	488.918728534934	514.853845212901	688.558709979638	365.093606606724	487.666888338964	401.534737947073	683.463316590684	391.522024122446	527.683762982548	356.080167599095	319.498855464669	294.465551609911	333.948001629185	326.974050571598	286.674726684979	353.007050621312	276.265833630507	213.020419829483	254.683981269512	265.400611882938	181.79153234295	140.963583592812	120.741246827313	223.737073330395	131.216582420018	152.426324443695	138.528032025498	47.1583271526298	59.7170095327855	56.0752638070022	80.9620060449028	59.9117603105461	86.7646494432849
# Fleet 1 cv of observed landings
0.05	0.05	0.05	0.05	0.05	0.05	0.05	0.05	0.05	0.05	0.05	0.05	0.05	0.05	0.05	0.05	0.05	0.05	0.05	0.05	0.05	0.05	0.05	0.05	0.05	0.05	0.05	0.05	0.05	0.05	0.05	0.05	0.05	0.05	0.05	0.05	0.05	0.05	0.05	0.05	0.05	0.05	0.05	0.05	0.05	0.05	0.05	0.05	0.05	0.05	0.05	0.05	0.05	0.05	0.05	0.05	0.05	0.05	0.05	0.05	0.05	0.05	0.05	0.05	0.05	0.05	0.05	0.05	0.05	0.05
# Fleet 1 number of years of age comps
70
# Fleet 1 age comps years
1	2	3	4	5	6	7	8	9	10	11	12	13	14	15	16	17	18	19	20	21	22	23	24	25	26	27	28	29	30	31	32	33	34	35	36	37	38	39	40	41	42	43	44	45	46	47	48	49	50	51	52	53	54	55	56	57	58	59	60	61	62	63	64	65	66	67	68	69	70
# Fleet 1 age comps sample size
100	100	100	100	100	100	100	100	100	100	100	100	100	100	100	100	100	100	100	100	100	100	100	100	100	100	100	100	100	100	100	100	100	100	100	100	100	100	100	100	100	100	100	100	100	100	100	100	100	100	100	100	100	100	100	100	100	100	100	100	100	100	100	100	100	100	100	100	100	100
# Fleet 1 number of fish in age comps
100	100	100	100	100	100	100	100	100	100	100	100	100	100	100	100	100	100	100	100	100	100	100	100	100	100	100	100	100	100	100	100	100	100	100	100	100	100	100	100	100	100	100	100	100	100	100	100	100	100	100	100	100	100	100	100	100	100	100	100	100	100	100	100	100	100	100	100	100	100
# Fleet 1 observed age comps
0	0	0.11	0.07	0.08	0.1	0.05	0.02	0.03	0.04	0.05	0.02	0	0.03	0.04	0.04	0.03	0.04	0.03	0.22
0	0	0.04	0.06	0.07	0.05	0.08	0.09	0.03	0.03	0.02	0.05	0.02	0.01	0.01	0.04	0	0.01	0.04	0.35
0	0	0.11	0.09	0.06	0.08	0.08	0.05	0.03	0.04	0.06	0.02	0.05	0.02	0.03	0.03	0.02	0.03	0.02	0.18
0	0	0.07	0.11	0.08	0.07	0.03	0.05	0.04	0	0.03	0.03	0.06	0.01	0.01	0.02	0.06	0.02	0.01	0.3
0	0	0.09	0.07	0.09	0.06	0.08	0.08	0.02	0.04	0.03	0.04	0.03	0.04	0.02	0	0.04	0.02	0	0.25
0	0	0.1	0.04	0.1	0.12	0.06	0.03	0.06	0.06	0.05	0.02	0.03	0	0.03	0.02	0.02	0.04	0.03	0.19
0	0	0.05	0.09	0.03	0.1	0.05	0.04	0.03	0.06	0.08	0.05	0.04	0.03	0.02	0.02	0.04	0	0.01	0.26
0	0.01	0.06	0.05	0.08	0	0.06	0.1	0.06	0.03	0.02	0.07	0.04	0.04	0.04	0.02	0.05	0.01	0.01	0.25
0	0	0.21	0.07	0.02	0.07	0.03	0.05	0.1	0.03	0.04	0.03	0.04	0.02	0	0.01	0.01	0.03	0.01	0.23
0	0	0.1	0.2	0.07	0.05	0.1	0.02	0.01	0.05	0.05	0.01	0.04	0.02	0	0	0.04	0	0.02	0.22
0	0	0.03	0.13	0.14	0.02	0	0.06	0.01	0.07	0.02	0.06	0.07	0.06	0.03	0.05	0.01	0.03	0.01	0.2
0	0	0.09	0.08	0.14	0.16	0.04	0.04	0.04	0.03	0.01	0.03	0.04	0.04	0	0.03	0.02	0.01	0.03	0.17
0	0	0.05	0.04	0.02	0.11	0.16	0.03	0.05	0.03	0.04	0.05	0.04	0.03	0	0.04	0.03	0	0.03	0.25
0	0	0.14	0.04	0.07	0.02	0.06	0.16	0.07	0.01	0.02	0.03	0.03	0.07	0.02	0.03	0.01	0.03	0.03	0.16
0	0.01	0.12	0.12	0.06	0.02	0.02	0.06	0.09	0.04	0.02	0.05	0.02	0.01	0.01	0.01	0.02	0.03	0.02	0.27
0	0	0.14	0.03	0.07	0.05	0.08	0.04	0.06	0.12	0.01	0.04	0.01	0.01	0.01	0.03	0.02	0.04	0.02	0.22
0	0	0.1	0.11	0.08	0.09	0.07	0.06	0	0.07	0.07	0.02	0.02	0.01	0.02	0.03	0.03	0	0	0.22
0	0.02	0.08	0.07	0.05	0.11	0.12	0.03	0.02	0.02	0.08	0.14	0.02	0.03	0.01	0.01	0.01	0.01	0.03	0.14
0	0.01	0.12	0.02	0.11	0.06	0.05	0.12	0.03	0.03	0.03	0.07	0.06	0.01	0.01	0	0.02	0.02	0.03	0.2
0	0.01	0.1	0.05	0.05	0.14	0.06	0.03	0.07	0.02	0.03	0.04	0.04	0.03	0.02	0.02	0.02	0.01	0.02	0.24
0	0.01	0.09	0.22	0.05	0.01	0.08	0.02	0.06	0.08	0.03	0.02	0.02	0.04	0.02	0.01	0	0.02	0.01	0.21
0	0	0.13	0.11	0.13	0.06	0.02	0.08	0.09	0.02	0.1	0.02	0.02	0.02	0.02	0.06	0.03	0	0.01	0.08
0	0.01	0.08	0.13	0.15	0.13	0.07	0.02	0.05	0.01	0.05	0.1	0.02	0	0	0.02	0.03	0	0.01	0.12
0	0	0.22	0.05	0.12	0.08	0.1	0.05	0.02	0.1	0.05	0.03	0.03	0.01	0	0	0.02	0.01	0	0.11
0	0	0.05	0.13	0.11	0.07	0.06	0.05	0.03	0.02	0.06	0.06	0.05	0.04	0.01	0.01	0.02	0.04	0.03	0.16
0	0.01	0.07	0.06	0.17	0.11	0.06	0.06	0.06	0.02	0.02	0.04	0.03	0.04	0.02	0	0.01	0.02	0	0.2
0	0	0.08	0.06	0.08	0.13	0.03	0.11	0.04	0.08	0.02	0.04	0.02	0.04	0.05	0.06	0	0.02	0.01	0.13
0	0.01	0.23	0.07	0.05	0.07	0.13	0.06	0.05	0.05	0.05	0.05	0.01	0.05	0.01	0.03	0.02	0.01	0.01	0.04
0	0.01	0.21	0.15	0.08	0.03	0.04	0.09	0.05	0.02	0.03	0.06	0.01	0.03	0.01	0.02	0	0	0	0.16
0	0	0.19	0.16	0.1	0.06	0.03	0.06	0.07	0.01	0.03	0.01	0.05	0.01	0	0.01	0.06	0.01	0.03	0.11
0	0	0.07	0.17	0.15	0.16	0.05	0.02	0	0.18	0.01	0.02	0.03	0.03	0.03	0.01	0.01	0	0	0.06
0	0	0.04	0.08	0.33	0.08	0.14	0.01	0.01	0.02	0.04	0.06	0.02	0	0.03	0.02	0	0.01	0	0.11
0	0.01	0.2	0.04	0.05	0.21	0.07	0.1	0.03	0.03	0.04	0.06	0.02	0.02	0.01	0.03	0.02	0	0	0.06
0	0	0.08	0.14	0.05	0.03	0.16	0.11	0.09	0.05	0.04	0.03	0.03	0.02	0.02	0.03	0.05	0	0	0.07
0	0	0.09	0.13	0.16	0.06	0.05	0.21	0.06	0.07	0.01	0	0.02	0.04	0.01	0.03	0.01	0	0	0.05
0	0	0.18	0.1	0.08	0.1	0.04	0.01	0.11	0.12	0.07	0.03	0	0	0.02	0.02	0	0.03	0.02	0.07
0	0.02	0.27	0.11	0.06	0.07	0.07	0.04	0	0.1	0.06	0.04	0.01	0.01	0.01	0.03	0.01	0	0.03	0.06
0	0.01	0.05	0.26	0.19	0.07	0.07	0.06	0	0.03	0.05	0.02	0.04	0.03	0.02	0	0.01	0	0.02	0.07
0	0.01	0.17	0.08	0.18	0.07	0.06	0.05	0.07	0.05	0.04	0.08	0.05	0.02	0.01	0	0.01	0.01	0	0.04
0	0	0.17	0.17	0.07	0.14	0.1	0	0.06	0.05	0.01	0.02	0.02	0.02	0.03	0.01	0.01	0.02	0.05	0.05
0	0.02	0.14	0.22	0.15	0.03	0.1	0.06	0.03	0.04	0.02	0	0	0.06	0.01	0.03	0.01	0.02	0.01	0.05
0	0.01	0.15	0.23	0.09	0.05	0.06	0.11	0.05	0.04	0.04	0.03	0.01	0	0.05	0.03	0.02	0	0	0.03
0	0	0.13	0.13	0.19	0.09	0.08	0.01	0.07	0.1	0.01	0.05	0.02	0	0.01	0.03	0.01	0.01	0.01	0.05
0	0.02	0.26	0.07	0.1	0.11	0.09	0.06	0.01	0.07	0.04	0.03	0.04	0.02	0	0.01	0.01	0.02	0.01	0.03
0	0	0.21	0.22	0.1	0.07	0.09	0.03	0.03	0.01	0.03	0.07	0.01	0.01	0.05	0	0	0.01	0.03	0.03
0	0	0.32	0.14	0.17	0.07	0.07	0.06	0.01	0.05	0.02	0.04	0	0.01	0	0.01	0	0	0	0.03
0	0.01	0.11	0.29	0.13	0.16	0.06	0.05	0.02	0.03	0.02	0	0.05	0.03	0	0	0.03	0	0	0.01
0	0.03	0.08	0.15	0.19	0.08	0.08	0.07	0.07	0.06	0.02	0.06	0.01	0.02	0.02	0	0	0.02	0	0.04
0	0.01	0.32	0.11	0.18	0.11	0.06	0.08	0.01	0.02	0.02	0	0.01	0.01	0	0	0.01	0.02	0.01	0.02
0	0	0.29	0.14	0.11	0.1	0.11	0.02	0.06	0.03	0.03	0.02	0.02	0.02	0.01	0	0.01	0.01	0	0.02
0	0.01	0.12	0.24	0.14	0.1	0.03	0.14	0.04	0.05	0.02	0.03	0.02	0	0.02	0	0	0	0	0.04
0	0	0.16	0.17	0.15	0.17	0.06	0.03	0.1	0.02	0.04	0	0	0.01	0.05	0.02	0	0.01	0	0.01
0	0.01	0.17	0.13	0.13	0.21	0.09	0.04	0.06	0.06	0	0.01	0	0.01	0.02	0.01	0	0.01	0.01	0.03
0	0	0.19	0.26	0.09	0.04	0.15	0.11	0.01	0.06	0.01	0.01	0.02	0.01	0.01	0.01	0	0	0.02	0
0	0	0.18	0.17	0.14	0.09	0.09	0.08	0.05	0.03	0.05	0.06	0.02	0	0.02	0.02	0	0	0	0
0	0.02	0.16	0.09	0.1	0.13	0.09	0.04	0.14	0.12	0.02	0.02	0.01	0.03	0	0	0.01	0	0	0.02
0	0.01	0.11	0.15	0.11	0.11	0.14	0.08	0.02	0.05	0.05	0.02	0.05	0.03	0.01	0.01	0	0	0	0.05
0	0.02	0.14	0.16	0.17	0.06	0.11	0.06	0.04	0.02	0.09	0.05	0	0.02	0.02	0	0	0	0.01	0.03
0	0	0.26	0.21	0.05	0.11	0.07	0.08	0.05	0.03	0.01	0.04	0.01	0	0.04	0.03	0.01	0	0	0
0	0	0.16	0.22	0.12	0.07	0.05	0.05	0.04	0.07	0.02	0	0.04	0.08	0.01	0.03	0.02	0	0	0.02
0	0	0.26	0.11	0.18	0.09	0.05	0.03	0.02	0.08	0.03	0.05	0.02	0.02	0	0	0	0.03	0	0.03
0	0	0.02	0.34	0.06	0.17	0.12	0.05	0.01	0.03	0.03	0.05	0	0	0.05	0.03	0	0.03	0	0.01
0	0.03	0.17	0.07	0.24	0.08	0.13	0.11	0.05	0.03	0	0.02	0.02	0	0	0.01	0.02	0	0	0.02
0	0.01	0.21	0.15	0.06	0.19	0.06	0.11	0.04	0.02	0.02	0.04	0.02	0.03	0	0	0.01	0	0.01	0.02
0	0.04	0.22	0.24	0.09	0	0.11	0.02	0.06	0.06	0.02	0.03	0.01	0.04	0.01	0	0	0.02	0	0.03
0	0	0.4	0.2	0.08	0.04	0.01	0.07	0.03	0.05	0.01	0.02	0	0	0.02	0.01	0.01	0	0	0.05
0	0.02	0.27	0.27	0.11	0.05	0.07	0.03	0.07	0.02	0.01	0.02	0	0.01	0	0.02	0.01	0	0	0.02
0	0.01	0.2	0.28	0.17	0.14	0.03	0.02	0.01	0.04	0.01	0.03	0.02	0.01	0.01	0.01	0.01	0	0	0
0	0.01	0.04	0.28	0.17	0.24	0.09	0.03	0.01	0	0.05	0	0.01	0	0.01	0	0.01	0	0.01	0.04
0	0.01	0.19	0.04	0.14	0.15	0.26	0.04	0.05	0.02	0	0.01	0.01	0.03	0.01	0	0.02	0	0	0.02
#######FLEET 2 DATA#######
# Fleet 2 start year
1
# Fleet 2 end year
70
# Fleet 2 observed landings
129.64275796883	168.098132413624	80.781518352361	174.641236560003	262.001245863626	234.819917091841	377.592712092208	219.621717829849	308.078844588895	185.603310807011	288.011456188592	245.944407144587	359.11399261232	489.065488588278	380.257910279123	371.987013712687	398.337362189508	363.691041286827	445.834049823271	298.619940980147	453.044709945113	239.119594949767	273.778193979328	312.385960792091	399.408203304348	328.186786560989	421.257352807161	390.596251555918	380.072657792287	551.221041442276	246.749812505885	402.997314432476	244.433916781027	307.082670481934	184.291697774861	360.113013085908	354.245630226672	211.792551011066	335.104447593805	307.973329618503	173.152137501165	134.482668673953	214.639118554833	217.259757924869	150.821769309244	273.900559329507	149.215320309037	182.999282667857	214.449267365308	217.240972316504	161.391698056546	146.866530701196	206.697967348465	112.31732267698	128.220107444653	144.349340632073	77.6783019761001	179.921395778853	101.265684041407	87.7408829922425	46.659991591234	72.0310018922027	81.8623455505475	75.011437983888	55.6465994097862	71.5293098458748	52.452478839665	62.825051066774	69.7249449774798	54.5316871431261
# Fleet 2 cv of observed landings
0.05	0.05	0.05	0.05	0.05	0.05	0.05	0.05	0.05	0.05	0.05	0.05	0.05	0.05	0.05	0.05	0.05	0.05	0.05	0.05	0.05	0.05	0.05	0.05	0.05	0.05	0.05	0.05	0.05	0.05	0.05	0.05	0.05	0.05	0.05	0.05	0.05	0.05	0.05	0.05	0.05	0.05	0.05	0.05	0.05	0.05	0.05	0.05	0.05	0.05	0.05	0.05	0.05	0.05	0.05	0.05	0.05	0.05	0.05	0.05	0.05	0.05	0.05	0.05	0.05	0.05	0.05	0.05	0.05	0.05
# Fleet 2 number of years of age comps
70
# Fleet 2 age comps years
1	2	3	4	5	6	7	8	9	10	11	12	13	14	15	16	17	18	19	20	21	22	23	24	25	26	27	28	29	30	31	32	33	34	35	36	37	38	39	40	41	42	43	44	45	46	47	48	49	50	51	52	53	54	55	56	57	58	59	60	61	62	63	64	65	66	67	68	69	70
# Fleet 2 age comps sample size
100	100	100	100	100	100	100	100	100	100	100	100	100	100	100	100	100	100	100	100	100	100	100	100	100	100	100	100	100	100	100	100	100	100	100	100	100	100	100	100	100	100	100	100	100	100	100	100	100	100	100	100	100	100	100	100	100	100	100	100	100	100	100	100	100	100	100	100	100	100
# Fleet 2 number of fish in age comps
100	100	100	100	100	100	100	100	100	100	100	100	100	100	100	100	100	100	100	100	100	100	100	100	100	100	100	100	100	100	100	100	100	100	100	100	100	100	100	100	100	100	100	100	100	100	100	100	100	100	100	100	100	100	100	100	100	100	100	100	100	100	100	100	100	100	100	100	100	100
# Fleet 2 observed age comps
0	0.02	0.04	0.09	0.07	0.08	0.06	0.05	0.01	0.06	0.04	0.04	0.04	0.01	0.03	0.01	0.02	0.04	0.01	0.28
0	0	0.04	0.02	0.03	0.12	0.07	0.05	0.09	0.04	0.03	0.06	0.03	0.05	0.04	0.02	0.04	0.02	0.02	0.23
0	0	0.02	0.04	0.03	0.11	0.06	0.02	0.06	0.01	0.06	0.07	0.06	0.02	0.07	0.05	0	0.03	0.02	0.27
0	0	0.02	0.11	0.09	0.06	0.06	0.05	0.03	0.05	0.01	0.02	0.06	0.02	0.05	0	0.01	0.01	0.04	0.31
0	0	0.04	0.08	0.17	0.05	0.06	0.06	0.06	0.02	0.01	0.02	0.04	0.04	0.04	0.06	0.03	0.03	0	0.19
0	0.01	0.01	0.04	0.1	0.06	0.01	0.01	0.04	0.07	0.04	0.06	0.02	0.04	0.03	0.03	0.04	0	0.03	0.36
0	0	0.02	0.1	0.06	0.04	0.08	0.06	0.05	0.03	0.04	0.03	0.03	0.05	0.04	0.03	0.02	0.04	0.02	0.26
0	0	0.02	0.06	0.04	0.06	0.07	0.1	0.07	0.01	0.03	0.04	0.02	0.02	0.02	0.03	0.01	0.02	0.03	0.35
0	0	0.15	0.09	0.1	0.03	0.03	0.05	0.05	0.06	0.03	0.04	0.02	0.01	0.02	0.02	0.02	0.03	0	0.25
0	0	0.03	0.17	0.05	0.05	0.06	0.03	0.07	0.03	0.05	0.04	0.01	0.04	0.03	0.02	0.02	0	0.02	0.28
0	0	0.03	0.12	0.13	0.04	0.04	0.02	0.03	0.09	0.02	0.01	0.03	0.03	0.03	0.04	0.05	0.02	0.01	0.26
0	0	0.06	0.03	0.09	0.17	0.03	0.02	0.08	0.01	0.06	0.09	0.01	0.05	0.01	0.04	0.01	0.02	0.03	0.19
0	0	0.02	0.08	0.04	0.06	0.17	0.06	0.05	0.06	0.03	0.05	0.09	0.03	0	0.03	0.03	0.02	0.01	0.17
0	0	0.03	0.08	0.07	0.03	0.11	0.16	0.06	0.02	0.03	0.02	0.02	0.02	0.05	0.04	0.03	0.01	0.04	0.18
0	0	0.05	0.11	0.06	0.09	0.02	0.11	0.11	0.04	0.02	0.02	0.01	0.01	0.06	0.02	0.02	0	0	0.25
0	0.01	0.04	0.09	0.12	0.02	0.03	0.01	0.09	0.15	0.02	0.04	0	0.01	0.02	0.05	0.02	0.02	0.01	0.25
0	0	0.03	0.09	0.09	0.12	0.05	0.06	0.01	0.05	0.09	0.02	0.02	0.06	0.03	0.01	0.02	0	0	0.25
0	0	0	0.15	0.09	0.11	0.12	0.03	0.06	0.01	0.07	0.1	0.03	0	0.01	0.01	0	0.03	0.02	0.16
0	0.02	0	0.03	0.15	0.04	0.04	0.04	0.04	0.04	0.01	0.06	0.08	0.01	0.04	0.05	0.02	0.03	0.04	0.26
0	0.01	0.08	0.13	0.03	0.1	0.08	0.08	0.04	0.02	0.02	0.01	0.05	0.04	0.03	0.01	0.01	0.02	0	0.24
0	0	0.09	0.16	0.09	0.03	0.1	0.08	0.05	0.06	0.02	0	0.01	0.03	0.05	0	0.02	0.02	0	0.19
0	0	0.06	0.11	0.14	0.09	0.04	0.06	0.06	0.03	0.08	0	0.05	0.01	0.06	0.04	0.03	0.02	0.02	0.1
0	0	0.08	0.1	0.06	0.13	0.06	0.01	0.05	0.11	0.04	0.06	0.01	0.02	0	0.02	0.08	0.03	0.06	0.08
0	0	0.03	0.15	0.12	0.1	0.15	0.06	0.02	0.03	0.03	0.03	0.04	0.02	0	0.01	0.03	0.02	0	0.16
0	0	0.01	0.16	0.12	0.09	0.09	0.09	0.05	0.01	0.05	0.04	0.05	0.03	0.02	0.03	0	0	0.05	0.11
0	0	0.01	0.07	0.18	0.1	0.05	0.05	0.14	0.06	0.01	0.04	0.03	0.03	0.03	0.02	0.01	0.02	0.02	0.13
0	0.02	0.04	0.04	0.07	0.11	0.09	0.09	0.06	0.1	0.04	0.04	0.03	0.04	0	0.03	0	0.01	0.01	0.18
0	0	0.08	0.11	0.04	0.08	0.09	0.09	0.06	0.02	0.07	0.05	0	0.04	0.04	0.05	0.03	0.01	0	0.14
0	0.03	0.08	0.17	0.09	0.06	0.03	0.1	0.02	0.09	0.07	0.06	0.03	0.01	0	0	0	0.04	0	0.12
0	0	0.08	0.14	0.13	0.1	0.06	0.03	0.03	0.06	0.05	0.03	0.04	0.02	0	0.01	0.03	0.02	0.02	0.15
0	0.01	0.02	0.19	0.13	0.19	0.06	0.01	0.03	0.06	0.05	0.06	0.04	0.01	0.01	0	0	0.01	0	0.12
0	0.01	0.01	0.01	0.26	0.13	0.08	0.09	0.04	0.04	0.09	0.05	0.05	0.02	0	0.03	0	0.01	0.02	0.06
0	0	0.02	0.04	0.05	0.27	0.12	0.04	0.07	0.01	0.03	0.09	0.02	0.07	0.01	0.01	0.03	0	0.02	0.1
0	0.01	0.06	0.19	0.04	0.05	0.18	0.04	0.14	0.03	0	0.01	0.05	0.02	0.04	0	0.01	0.01	0	0.12
0	0	0.05	0.13	0.15	0.08	0.06	0.18	0.04	0.06	0	0.04	0.03	0.05	0	0.02	0.01	0.01	0.01	0.08
0	0.02	0.03	0.1	0.12	0.13	0.05	0.02	0.13	0.08	0.04	0.02	0.02	0.02	0.07	0.03	0.01	0	0.01	0.1
0	0	0.13	0.14	0.06	0.07	0.07	0.06	0.02	0.07	0.06	0.13	0	0.01	0.01	0.04	0.01	0.01	0.02	0.09
0	0	0.04	0.16	0.1	0.07	0.07	0.13	0.05	0.01	0.04	0.11	0.08	0.01	0	0	0.02	0.03	0.01	0.07
0	0	0.07	0.04	0.2	0.1	0.04	0.07	0.08	0.04	0.02	0.1	0.03	0.02	0.02	0.01	0	0.07	0.01	0.08
0	0.01	0.05	0.16	0.06	0.2	0.08	0.05	0.06	0.1	0.02	0.02	0.05	0.03	0.02	0.01	0.01	0	0.02	0.05
0	0	0.09	0.19	0.09	0.04	0.2	0.11	0.01	0.02	0.02	0.02	0.04	0.05	0.03	0.01	0.02	0	0	0.06
0	0	0.05	0.22	0.1	0.12	0.02	0.12	0.11	0.02	0.02	0.03	0	0	0.08	0.01	0.02	0	0.01	0.07
0	0.01	0.02	0.24	0.12	0.12	0.12	0.02	0.08	0.05	0.01	0.05	0.03	0.02	0.01	0.04	0	0	0	0.06
0	0.01	0.08	0.09	0.15	0.11	0.08	0.11	0.03	0.08	0.08	0	0.04	0.02	0.01	0.01	0.01	0.03	0.01	0.05
0	0.01	0.04	0.27	0.08	0.11	0.12	0.04	0.06	0.02	0.05	0.04	0.02	0.03	0	0.01	0.01	0.02	0	0.07
0.01	0	0.14	0.16	0.17	0.06	0.09	0.08	0.06	0.05	0.02	0.05	0.03	0.01	0	0.01	0	0	0.01	0.05
0	0	0.1	0.28	0.13	0.18	0.04	0.05	0.05	0.02	0.05	0.01	0.03	0.02	0	0.01	0	0.01	0	0.02
0	0.01	0.1	0.17	0.21	0.12	0.14	0.03	0.04	0.05	0.01	0.02	0.01	0.03	0.02	0	0.02	0	0	0.02
0	0	0.13	0.07	0.18	0.17	0.06	0.1	0.04	0.01	0.05	0.01	0.04	0.01	0.04	0.03	0.01	0	0.02	0.03
0	0.01	0.1	0.32	0.19	0.1	0.13	0.05	0.04	0.01	0.02	0	0.01	0	0	0	0.01	0	0.01	0
0	0	0.05	0.36	0.21	0.09	0.07	0.08	0.01	0.05	0.01	0.02	0.01	0.01	0	0	0.01	0	0.01	0.01
0	0	0.04	0.12	0.26	0.22	0.06	0.06	0.12	0.03	0.03	0	0.01	0.01	0	0	0	0.02	0	0.02
0	0	0.04	0.11	0.11	0.24	0.19	0.03	0.1	0.06	0.03	0.03	0	0.02	0.01	0	0.02	0	0	0.01
0	0.01	0.05	0.18	0.08	0.05	0.2	0.17	0.02	0.02	0.06	0.06	0.03	0	0.01	0.01	0	0.02	0	0.03
0	0	0.04	0.18	0.14	0.1	0.04	0.16	0.1	0.05	0.06	0.04	0.01	0.05	0	0.02	0.01	0	0	0
0	0.01	0.05	0.1	0.22	0.16	0.05	0.04	0.11	0.07	0.02	0.03	0.02	0.01	0.04	0.03	0	0.01	0	0.03
0	0.01	0.06	0.19	0.04	0.11	0.1	0.06	0.03	0.14	0.08	0.01	0.03	0.04	0.03	0.02	0	0	0.01	0.04
0	0.02	0.06	0.12	0.15	0.08	0.14	0.09	0.06	0.02	0.09	0.05	0.03	0.02	0.02	0.02	0	0	0.01	0.02
0	0	0.1	0.26	0.09	0.11	0.03	0.08	0.04	0.04	0.01	0.07	0.09	0	0.01	0.02	0.01	0.02	0.01	0.01
0	0.01	0.06	0.26	0.12	0.08	0.1	0.05	0.07	0.05	0.04	0.01	0.01	0.05	0.03	0.01	0.02	0	0.01	0.02
0	0	0.15	0.06	0.28	0.08	0.04	0.1	0.05	0.05	0.06	0.02	0.01	0.02	0.04	0	0	0.01	0.01	0.02
0	0	0.02	0.29	0.11	0.15	0.08	0.06	0.07	0.02	0.05	0.02	0.02	0.02	0.03	0.02	0.02	0	0	0.02
0	0	0.07	0.07	0.28	0.11	0.21	0.08	0.04	0.02	0.04	0.01	0.01	0.01	0.01	0.01	0.01	0	0.02	0
0	0.01	0.05	0.06	0.05	0.21	0.07	0.18	0.07	0.04	0.03	0.06	0.04	0.04	0.03	0.01	0	0.02	0	0.03
0.01	0.01	0.13	0.2	0.08	0.05	0.15	0.05	0.11	0.05	0.01	0.04	0	0.01	0.02	0.01	0.02	0.01	0.03	0.01
0	0	0.19	0.22	0.12	0.11	0.02	0.1	0.03	0.05	0.02	0.04	0.01	0.01	0.04	0.01	0	0.01	0	0.02
0	0	0.12	0.33	0.12	0.05	0.04	0	0.06	0.07	0.06	0.04	0.02	0.02	0.01	0.01	0.01	0	0	0.04
0	0	0.04	0.31	0.25	0.12	0.04	0.05	0	0.07	0.01	0.01	0.01	0.02	0.02	0	0.01	0	0.01	0.03
0	0.01	0.06	0.19	0.24	0.22	0.11	0.05	0.01	0.01	0.04	0	0.01	0.01	0	0	0	0	0.02	0.02
0	0.01	0.06	0.08	0.16	0.22	0.15	0.09	0.01	0.04	0.01	0.03	0.05	0.01	0	0.02	0.01	0.01	0	0.04
#######FLEET 3 DATA#######
# Fleet 3 start year
1
# Fleet 3 end year
70
# Fleet 3 observed discards
0.235284082756112	0.102408708046244	0.115635911971092	0.216282129201689	0.334108692459632	0.370796531175308	0.512385941437883	0.650146987818149	0.549135646503658	0.415862656003669	0.879415580764539	0.933165745111545	0.87823296832152	1.28142159557252	1.88202128220775	1.89015916087104	2.6090993321165	2.19092066034742	2.30590215542851	7.89583814974502	6.19570591499849	6.84026431745333	9.550388018431	9.04861304574144	7.06205369138837	10.4321200304643	8.41175791087171	13.7318669709833	11.739135977176	18.4154070788052	23.661631896063	14.4018894028886	30.3456136503444	32.1499616661955	23.58503886378	41.2430899664636	63.3717676764651	45.689218391638	58.4742271133993	56.0163839368847	123.253068892419	127.53772483062	74.0136669743048	112.576907310164	143.770291859861	171.470552612138	113.755810386133	136.383875265052	147.330685052856	308.283285273138	236.606641703151	486.32938977939	236.472072877267	328.319873358901	260.356273589632	232.005933864787	283.342275649499	318.38314204069	282.507955395474	261.380551731144	377.615325094093	220.646451210856	267.586070101109	347.862199660049	376.52607250794	538.032949945825	400.049030347369	618.015477507547	671.205661832261	445.359840796169
# Fleet 3 cv of observed discards
0.05	0.05	0.05	0.05	0.05	0.05	0.05	0.05	0.05	0.05	0.05	0.05	0.05	0.05	0.05	0.05	0.05	0.05	0.05	0.05	0.05	0.05	0.05	0.05	0.05	0.05	0.05	0.05	0.05	0.05	0.05	0.05	0.05	0.05	0.05	0.05	0.05	0.05	0.05	0.05	0.05	0.05	0.05	0.05	0.05	0.05	0.05	0.05	0.05	0.05	0.05	0.05	0.05	0.05	0.05	0.05	0.05	0.05	0.05	0.05	0.05	0.05	0.05	0.05	0.05	0.05	0.05	0.05	0.05	0.05
# Fleet 3 number of years of length comps
70
# Fleet 3 length comps years
1	2	3	4	5	6	7	8	9	10	11	12	13	14	15	16	17	18	19	20	21	22	23	24	25	26	27	28	29	30	31	32	33	34	35	36	37	38	39	40	41	42	43	44	45	46	47	48	49	50	51	52	53	54	55	56	57	58	59	60	61	62	63	64	65	66	67	68	69	70
# Fleet 3 length comps sample size
100	100	100	100	100	100	100	100	100	100	100	100	100	100	100	100	100	100	100	100	100	100	100	100	100	100	100	100	100	100	100	100	100	100	100	100	100	100	100	100	100	100	100	100	100	100	100	100	100	100	100	100	100	100	100	100	100	100	100	100	100	100	100	100	100	100	100	100	100	100
# Fleet 3 number of fish in length comps
100	100	100	100	100	100	100	100	100	100	100	100	100	100	100	100	100	100	100	100	100	100	100	100	100	100	100	100	100	100	100	100	100	100	100	100	100	100	100	100	100	100	100	100	100	100	100	100	100	100	100	100	100	100	100	100	100	100	100	100	100	100	100	100	100	100	100	100	100	100
# Fleet 3 observed length comps
0	0	0	0	0	0	0.02	0.01	0.02	0.03	0.05	0.01	0.02	0.08	0.05	0.07	0.07	0.16	0.11	0.08	0.03	0.11	0.04	0.03	0	0	0.01
0	0	0	0	0	0	0.01	0.02	0.03	0.02	0.02	0.03	0.03	0.04	0.07	0.04	0.11	0.04	0.07	0.16	0.13	0.05	0.06	0.06	0.01	0	0
0	0	0	0	0	0	0.02	0.02	0.01	0.03	0.06	0.02	0.06	0.05	0.08	0.09	0.09	0.09	0.09	0.08	0.04	0.05	0.06	0.04	0.01	0.01	0
0	0	0	0.01	0	0.03	0.01	0.03	0.03	0.03	0.01	0.02	0.02	0.07	0.03	0.07	0.16	0.04	0.09	0.11	0.11	0.02	0.03	0.04	0.01	0.03	0
0	0	0	0	0	0	0.02	0.05	0	0.03	0.03	0.03	0.02	0.07	0.04	0.1	0.06	0.08	0.07	0.15	0.11	0.07	0.02	0.02	0.02	0	0.01
0	0	0	0	0	0.02	0.02	0.01	0.03	0.04	0.02	0.03	0	0.09	0.07	0.03	0.1	0.09	0.12	0.07	0.09	0.01	0.1	0.03	0.02	0	0.01
0	0	0	0	0	0	0.04	0	0.01	0.05	0.05	0.01	0.02	0.05	0.08	0.11	0.05	0.11	0.07	0.07	0.07	0.08	0.06	0.05	0.01	0.01	0
0	0	0	0.01	0	0.02	0.01	0.01	0.01	0.05	0.02	0.01	0.05	0.04	0.06	0.08	0.08	0.12	0.11	0.06	0.09	0.05	0.06	0.03	0.01	0	0.02
0	0	0	0	0.01	0.02	0.04	0.03	0.07	0.03	0.02	0.02	0.03	0.05	0.04	0.08	0.07	0.12	0.07	0.07	0.09	0.05	0.05	0.04	0	0	0
0	0	0	0	0	0	0.01	0.03	0.08	0.02	0.04	0.06	0.08	0.04	0.04	0.08	0.05	0.12	0.07	0.06	0.06	0.08	0.03	0	0.04	0.01	0
0	0	0	0	0	0	0	0.02	0.04	0.04	0.02	0.05	0.05	0.09	0.04	0.07	0.08	0.07	0.12	0.1	0.04	0.05	0.06	0.02	0.02	0.01	0.01
0	0	0	0	0	0.01	0	0.04	0.02	0.02	0.04	0.02	0.04	0.12	0.09	0.07	0.03	0.1	0.07	0.1	0.08	0.03	0.08	0.01	0.02	0.01	0
0	0	0	0	0.01	0	0.01	0.03	0.02	0.01	0.01	0.01	0.06	0.09	0.05	0.12	0.07	0.09	0.1	0.07	0.06	0.08	0.04	0.05	0.01	0	0.01
0	0	0	0	0	0.01	0	0.04	0.01	0.04	0.03	0.01	0.03	0.04	0.07	0.12	0.07	0.1	0.12	0.09	0.09	0.05	0.06	0	0	0.02	0
0	0	0	0	0.01	0.01	0	0.03	0.04	0.02	0.08	0.02	0.04	0.04	0.1	0.09	0.09	0.05	0.06	0.1	0.06	0.08	0.02	0.02	0.01	0.03	0
0	0	0	0	0.02	0	0.01	0.04	0.03	0.06	0.07	0.03	0.04	0.06	0.05	0.05	0.03	0.13	0.16	0.05	0.08	0.04	0.02	0.01	0.02	0	0
0	0	0	0	0	0.01	0.02	0.06	0.03	0.05	0.06	0.06	0.04	0.06	0.06	0.07	0.03	0.04	0.08	0.05	0.12	0.09	0.05	0.01	0	0.01	0
0	0	0	0	0	0	0.03	0.01	0.01	0.02	0.03	0.05	0.03	0.05	0.11	0.09	0.08	0.09	0.06	0.09	0.14	0.05	0.02	0.01	0.01	0.01	0.01
0	0	0	0.01	0	0.02	0.02	0.01	0.03	0.05	0.01	0.03	0.02	0.06	0.09	0.08	0.08	0.15	0.15	0.03	0.03	0.05	0.05	0.02	0	0	0.01
0	0	0	0	0	0	0.03	0.02	0.09	0.03	0.04	0.04	0.07	0.07	0.05	0.08	0.05	0.09	0.09	0.04	0.05	0.06	0.04	0.04	0.02	0	0
0	0	0	0	0.01	0.02	0.01	0.03	0.03	0.06	0.05	0.09	0.02	0.05	0.06	0.08	0.08	0.1	0.06	0.08	0.1	0.01	0.02	0.01	0.02	0.01	0
0	0	0	0	0	0	0.03	0.01	0.06	0.07	0.03	0.05	0.07	0.06	0.03	0.05	0.17	0.07	0.03	0.07	0.08	0.07	0.01	0.03	0.01	0	0
0	0	0	0	0.01	0.01	0	0.03	0.04	0.05	0.04	0.06	0.06	0.06	0.08	0.06	0.11	0.03	0.08	0.09	0.07	0.02	0.02	0.04	0.02	0.02	0
0	0	0	0	0.01	0	0.04	0.04	0.05	0.06	0.09	0.04	0.04	0.03	0.08	0.04	0.08	0.07	0.03	0.06	0.07	0.04	0.05	0.05	0.02	0.01	0
0	0	0	0	0	0	0.01	0.03	0.05	0.04	0.04	0.08	0.07	0.08	0.06	0.05	0.05	0.14	0.13	0.07	0.04	0.03	0.01	0	0.01	0.01	0
0	0	0	0	0.01	0	0	0.04	0.04	0.03	0.06	0.09	0.06	0.02	0.05	0.11	0.07	0.11	0.03	0.1	0.06	0.03	0.02	0.03	0.03	0.01	0
0	0	0	0	0	0.01	0.03	0.06	0.01	0.02	0.01	0.05	0.03	0.1	0.07	0.06	0.08	0.07	0.11	0.12	0.08	0.01	0.02	0.04	0.02	0	0
0	0	0	0.01	0	0.01	0.02	0.03	0.05	0.03	0.1	0.04	0.09	0.07	0.08	0.08	0.04	0.03	0.06	0.12	0.07	0.03	0.04	0	0	0	0
0	0	0	0	0	0	0.04	0.07	0.02	0.05	0.05	0.06	0.06	0.06	0.05	0.11	0.05	0.1	0.09	0.05	0.05	0.02	0.04	0.01	0.01	0.01	0
0	0	0	0	0	0.01	0.03	0.11	0.08	0.12	0.05	0.07	0.07	0.02	0.06	0.09	0.07	0.05	0.07	0.02	0.01	0.02	0.03	0	0.01	0.01	0
0	0	0	0	0	0.01	0	0	0.05	0.09	0.11	0.08	0.07	0.09	0.07	0.09	0.07	0.07	0.05	0.06	0.06	0.02	0.01	0	0	0	0
0	0	0	0	0	0	0	0.01	0.05	0.08	0.05	0.08	0.05	0.09	0.09	0.08	0.08	0.07	0.07	0.08	0.04	0.03	0.01	0.01	0.03	0	0
0	0	0	0	0	0	0	0.06	0.03	0.06	0.05	0.03	0.04	0.07	0.08	0.13	0.12	0.09	0.07	0.05	0.05	0.03	0.03	0	0	0.01	0
0	0	0	0	0.02	0	0.02	0.04	0.07	0.03	0.05	0.03	0.07	0.12	0.09	0.09	0.04	0.09	0.04	0.09	0.06	0.01	0.02	0	0.02	0	0
0	0	0	0	0	0	0	0.04	0.06	0.04	0.05	0.07	0.05	0.06	0.08	0.1	0.08	0.1	0.08	0.04	0.08	0.02	0.02	0	0.01	0	0.02
0	0	0	0	0	0.02	0.04	0.06	0.06	0.03	0.08	0.06	0.05	0.03	0.07	0.11	0.07	0.08	0.05	0.05	0.03	0.03	0.04	0.03	0	0.01	0
0	0	0	0	0	0	0.02	0.04	0.06	0.08	0.1	0.06	0.07	0.09	0.05	0.04	0.08	0.07	0.07	0.04	0.04	0.03	0.01	0.01	0.02	0.01	0.01
0	0	0	0	0	0	0	0.02	0.1	0.07	0.12	0.1	0.07	0.06	0.06	0.03	0.07	0.04	0.05	0.05	0.08	0.04	0.01	0.02	0.01	0	0
0	0	0	0.01	0	0.01	0.02	0.02	0.05	0.07	0.04	0.06	0.08	0.07	0.06	0.08	0.06	0.08	0.07	0.06	0.04	0.05	0.03	0.03	0	0.01	0
0	0	0	0	0	0.02	0.03	0.01	0.08	0.03	0.04	0.04	0.13	0.07	0.05	0.07	0.1	0.1	0.08	0.02	0.04	0.04	0.02	0.02	0.01	0	0
0	0	0	0	0.01	0	0.04	0.04	0.12	0.11	0.02	0.09	0.08	0.06	0.04	0.04	0.06	0.03	0.12	0.03	0.05	0.03	0	0.02	0.01	0	0
0	0	0	0	0.01	0.03	0.01	0.05	0.05	0.09	0.07	0.06	0.05	0.06	0.06	0.05	0.08	0.04	0.05	0.05	0.08	0.06	0.03	0	0.01	0	0.01
0	0	0	0.01	0	0.01	0.02	0.03	0.02	0.04	0.1	0.15	0.12	0.1	0.03	0.11	0.03	0.03	0.06	0.07	0.02	0.02	0.01	0.01	0.01	0	0
0	0	0	0	0	0.01	0.02	0.06	0.07	0.09	0.03	0.07	0.1	0.04	0.09	0.07	0.06	0.11	0.09	0.04	0.02	0.02	0.01	0	0	0	0
0	0	0	0	0	0	0.02	0.06	0.08	0.06	0.09	0.1	0.08	0.09	0.07	0.05	0.09	0.06	0.05	0.02	0.03	0.02	0.01	0.01	0.01	0	0
0	0	0	0.01	0	0	0.05	0.02	0.11	0.1	0.1	0.04	0.08	0.09	0.06	0.05	0.06	0.07	0.08	0.01	0.02	0.04	0	0.01	0	0	0
0	0	0	0.01	0	0	0.04	0.08	0.05	0.09	0.13	0.08	0.06	0.08	0.04	0.02	0.05	0.04	0.06	0.1	0.03	0.01	0	0.01	0.01	0.01	0
0	0	0	0	0.01	0	0.02	0.03	0.09	0.05	0.05	0.09	0.1	0.09	0.15	0.07	0.05	0.05	0.06	0	0.03	0	0.02	0.01	0.01	0.02	0
0	0	0	0	0.02	0.03	0	0.12	0.1	0.09	0.03	0.02	0.04	0.05	0.08	0.08	0.12	0.04	0.05	0.02	0.04	0.02	0.03	0.01	0.01	0	0
0	0	0	0	0	0.01	0.08	0.08	0.1	0.13	0.03	0.12	0.06	0.07	0.03	0.05	0.08	0.06	0.02	0.03	0.01	0.02	0	0	0.01	0	0.01
0	0	0	0	0	0.03	0.02	0.05	0.05	0.04	0.15	0.1	0.04	0.08	0.09	0.07	0.03	0.06	0.02	0.02	0.03	0.07	0	0.04	0.01	0	0
0	0	0	0	0	0.01	0	0.07	0.08	0.06	0.03	0.04	0.04	0.14	0.11	0.07	0.05	0.09	0.1	0.04	0.02	0.02	0.02	0	0.01	0	0
0	0	0	0	0	0.02	0.02	0.07	0.06	0.06	0.06	0.06	0.13	0.06	0.09	0.08	0.09	0.06	0.05	0.03	0.02	0.02	0.01	0	0.01	0	0
0	0	0	0.01	0	0.03	0.03	0.02	0.08	0.03	0.08	0.08	0.07	0.09	0.08	0.06	0.09	0.06	0.07	0.04	0.03	0.04	0.01	0	0	0	0
0	0	0	0.01	0	0	0.01	0.04	0.03	0.09	0.1	0.03	0.05	0.12	0.05	0.13	0.08	0.06	0.07	0.03	0.06	0.02	0.01	0	0.01	0	0
0	0	0	0	0.01	0.02	0.03	0.05	0.08	0.03	0.06	0.07	0.04	0.07	0.11	0.1	0.06	0.06	0.06	0.07	0.04	0.02	0.01	0.01	0	0	0
0	0	0	0	0	0.01	0.05	0.02	0.05	0.08	0.05	0.1	0.06	0.08	0.1	0.06	0.03	0.1	0.04	0.08	0.06	0.01	0.01	0.01	0	0	0
0	0	0	0.01	0	0.02	0.01	0.05	0.05	0.03	0.04	0.08	0.04	0.11	0.09	0.11	0.09	0.1	0.09	0.02	0.03	0.01	0.02	0	0	0	0
0	0	0	0	0.01	0	0.03	0.09	0.07	0.09	0.09	0.06	0.02	0.11	0.07	0.06	0.05	0.04	0.09	0.03	0.03	0.02	0.03	0	0	0.01	0
0	0	0	0	0.01	0	0.02	0.03	0.06	0.04	0.06	0.13	0.08	0.06	0.07	0.11	0.05	0.09	0.07	0.05	0.02	0.03	0.02	0	0	0	0
0	0	0	0	0	0.05	0.06	0.03	0.08	0.06	0.05	0.1	0.08	0.05	0.07	0.06	0.04	0.07	0.06	0.05	0.03	0.03	0.01	0	0	0.02	0
0	0	0	0	0	0	0	0.02	0.05	0.08	0.12	0.07	0.13	0.07	0.09	0.1	0.05	0.06	0.06	0.05	0.02	0.03	0	0	0	0	0
0	0	0	0	0	0.01	0.03	0.02	0.06	0.08	0.05	0.11	0.08	0.09	0.13	0.04	0.05	0.04	0.05	0.09	0.04	0.01	0.01	0.01	0	0	0
0	0	0	0	0.01	0.02	0.04	0.05	0.06	0.06	0.03	0.07	0.06	0.09	0.06	0.1	0.07	0.08	0.06	0.05	0.03	0.03	0.01	0.01	0.01	0	0
0	0	0	0	0.03	0.01	0.05	0.04	0.08	0.12	0.09	0.03	0.06	0.08	0.07	0.06	0.05	0.04	0.05	0.05	0.04	0.01	0	0	0.02	0.02	0
0	0	0	0	0.01	0.03	0.06	0.08	0.11	0.09	0.1	0.08	0.06	0.07	0.05	0.07	0.04	0.03	0.03	0.02	0.03	0.03	0	0	0.01	0	0
0	0	0	0	0	0.05	0.09	0.08	0.11	0.11	0.12	0.07	0.07	0.08	0.05	0.04	0.01	0.03	0.03	0.01	0.05	0	0	0	0	0	0
0	0	0	0	0	0.01	0.02	0.06	0.06	0.08	0.06	0.08	0.18	0.09	0.04	0.07	0.05	0.04	0.07	0.05	0	0	0.03	0	0.01	0	0
0	0	0	0	0	0.01	0.03	0.01	0.04	0.09	0.13	0.06	0.1	0.08	0.06	0.09	0.04	0.06	0.04	0.02	0.05	0.05	0.02	0	0.01	0.01	0
0	0	0	0	0	0.03	0.02	0.08	0.02	0.07	0.04	0.06	0.06	0.09	0.11	0.12	0.09	0.06	0.05	0.05	0.02	0.01	0.02	0	0	0	0
#######CKMR DATA#######
1
50
60	60	60	60	60	62	62	62	62	62	63	63	63	63	63	61	61	64	64	59	65	65	65	65	65	66	66	55	67	67	68	68	68	68	68	68	68	68	68	68	63	63	61	61	58	59	59	59	59	59
63	63	63	63	63	65	65	65	65	65	65	65	65	65	65	66	66	67	67	61	67	67	67	67	67	68	68	65	69	69	70	70	70	70	70	70	70	70	70	70	70	70	70	70	70	65	65	65	65	65
68	68	68	68	68	68	68	68	68	68	68	68	68	68	68	69	69	69	69	69	69	69	69	69	69	69	69	69	69	69	70	70	70	70	70	70	70	70	70	70	70	70	70	70	70	70	70	70	70	70
0	0	0	0	0	0	0	0	0	0	4	0	0	0	0	0	0	0	0	0	12	6	2	0	0	0	0	0	0	0	15	3	0	0	0	0	0	0	0	0	2	3	16	0	0	0	0	0	0	0
0	0	0	0	0	0	0	0	0	0	0	0	0	0	0	1	0	0	0	0	2	0	0	0	0	1	0	0	0	0	0	0	0	0	2	0	0	0	0	0	0	0	0	0	0	2	0	0	0	1
256	154	122	81	42	123	176	73	139	73	156	113	198	119	113	165	225	74	130	87	193	63	260	227	204	189	118	164	264	179	254	101	215	87	182	150	87	174	275	272	90	103	296	190	282	145	128	201	54	176
#######PARAMETER SECTION#######
800	500	1000	-4	800	-0.25	1
0.24	0.01	1	-4	0.24	-0.25	1
-0.33	-5	-0.001	-4	-0.33	-0.25	1
0.1	0.05	0.3	4	0.1	-0.25	1
0	-10	10	4	0	5	1
-1	-2	-0.1	-4	-1	-0.25	1
0.999	0.21	0.99	-3	0.999	-0.25	1
12.8557902681628	10	16	1	12.8557902681628	-0.25	1
0	-1	1	-4	0	-0.25	1
0.51	0.001	1	4	0.51	-0.25	1
2	-6	6	6	0	36	3
2	-6	6	6	0	36	3
2	-6	6	6	0	36	3
2	-6	6	6	0	36	3
2.7	0.1	10	5	2.7	-0.5	3
5	0.1	10	5	5	-0.5	3
3.3	0.1	10	5	3.3	-0.5	3
2.9	0.1	10	5	2.9	-0.5	3
2.7	0.1	10	5	2.7	-0.25	3
5	0.1	10	5	5	-0.25	3
5	0.1	10	-6	5	-0.25	3
1e-04	0.1	10	-6	1e-04	-0.25	3
1.95	0.1	10	5	1.95	-0.5	3
2.5	0.1	10	5	2.5	-0.5	3
-14.3585309778614	-18	-10	2	-14.3585309778614	-1	1
0	0	2	1	1	-1	1
-2.88316451641529	-10	1	1	-2.88316451641529	-1	1
-3.58482133382973	-10	1	1	-3.58482133382973	-1	1
-3.5259632668153	-10	1	1	-3.5259632668153	-1	1
#######DEV CONSTRAINTS and DEVS#######
# Fleet 1 F devs (lower bound, upper bound, phase)
-10	5	3
# Fleet 2 F devs (lower bound, upper bound, phase)
-10	5	3
# Fleet 3 F devs (lower bound, upper bound, phase)
-10	5	3
# Rec devs (lower bound, upper bound, phase)
-5	5	2
# N at age devs (lower bound, upper bound, phase)
-5	5	-3
# Fleet 1 F devs (Initial guesses)
-3.06482378785467	-2.81081934532222	-3.13307102527756	-2.63926437696378	-2.52124281957661	-2.0234999015225	-2.02591624738011	-1.83166216790073	-1.88033672157652	-1.64586181134225	-1.28151558802946	-1.2497898519383	-0.828997476012141	-1.01417664198769	-0.991431356688094	-0.650831873898887	-0.0667139302394002	-0.33913501081674	-0.142709747975876	-0.585497649838912	0.153845794784043	0.189829910564315	0.322118741227162	0.329417476486962	-0.0356300377426551	0.353029380479252	-0.0182889085611508	0.277992583968961	0.69509775034579	0.333588194642731	0.312630483602059	0.522884606118954	0.713262811858334	0.620161036613134	0.423846945884758	0.691240827050562	0.549585233475459	0.572635508543712	0.541442156047935	0.534991215643659	0.391719790884882	0.540852835726588	0.659239260655245	0.725764050699554	0.379778648059482	0.801714126258018	0.609113315091112	0.354225530256971	0.401951740914661	0.513712201924459	0.271717697530542	0.231798130969084	0.254885271415445	0.14873931531406	0.155185023135834	0.155486932681399	0.286610657595364	-0.106276558686309	-0.196349645856766	-0.329551080420574	-0.197363030488018	-0.451972804790386	-0.418630823586754	-0.482433479756067	-1.20032914775785	-1.02263147391441	-1.25635226367355	-1.19350831593634	-1.40558755607796	-1.27682473962684
# Fleet 2 F devs (Initial guesses)
-1.46338344478062	-1.33634744471842	-1.41801886243301	-1.39192963633874	-1.07599304283662	-1.01031132140157	-0.949029268441106	-0.925104835829333	-0.719088877996544	-1.10645518121408	-0.613038130729219	-0.583446042835966	-0.651527226794899	-0.260903255841781	-0.379004685979435	-0.2209228870867	-0.343119539930811	-0.223359960649159	0.0408227267214176	-0.19846948873833	0.0349861771176938	-0.552056022680724	-0.0266898161943874	-0.0952317601831547	0.287465062377954	-0.145338641591411	0.3945303902394	0.0934054469765555	0.24799342607301	0.592841006146673	0.0263194033216982	0.342957730371385	0.191271002847027	0.47544205070406	0.13773461010471	0.485335427969511	0.43615975919738	0.599294641818404	0.762854055415413	0.442527762742768	0.230563703739663	0.063286689065722	0.543402398083031	0.657614981007188	0.29872211221509	0.571792345015962	0.456775186428131	0.62522832877873	0.30841459802456	0.641669218662745	0.173265129097643	0.119060553055773	0.292618258833074	-0.204632622121827	0.00550081299241656	0.0552030764837972	-0.0832954970694275	0.230333870032974	-0.0160498716498139	0.109252412183106	-0.349338214683937	-0.375728118666466	-0.248019398891318	-0.218266548169508	-0.364943366446013	-0.3912986856428	-0.687121818493288	-0.704689010734614	-0.488262879955645	-0.854490082522188
# Fleet 3 F devs (Initial guesses)
-8.14822300901749	-8.55401914238872	-8.32270060179892	-7.95492466086151	-7.67623655152498	-7.46592175131267	-7.15468475295867	-7.12347745555728	-6.87668103209886	-6.89361655979508	-6.38620658002043	-6.39641072491755	-6.15097229374109	-6.12250148783484	-5.69164270307638	-5.71067452041188	-5.18647765731981	-5.4248691415831	-5.0714047774845	-4.45980715805129	-4.4197292635695	-4.30615516178442	-4.07074070012984	-3.79973556137719	-3.68319701119054	-3.57715950871935	-3.59907680564414	-3.20751580456371	-3.07876801209758	-2.88248840248837	-2.86269390056294	-2.42774708894394	-2.39421857048625	-1.84647387112248	-2.30033703344123	-1.77106867635726	-1.00037905500169	-1.18286210315412	-1.21134950886703	-0.977858017592482	-0.334766636671281	-0.291154701083281	-0.392328317268319	-0.258363555769033	-0.233567826407934	0.113563381945291	-0.220746636332292	0.0346790833516302	0.472025099513021	0.782870039176982	0.518292990573574	1.02555093652287	0.575993889623166	1.17404301531306	0.765072134699681	0.634100821756022	0.984555006923511	1.20327456086934	1.01069179869443	1.0928930768114	1.14373642255086	0.835560010247673	0.902890449183138	1.50266958000634	1.06461690190797	1.28487701880789	1.22159585973757	1.2037556945906	1.11162680617341	1.18260217462854
# Rec devs (Initial guesses)
0.329460074075684	0.0345013578437887	-0.315440121686743	-0.0404479029073198	-0.175243894923532	-0.139202041310358	0.944940302280251	0.399773095863843	-0.656222708465887	-0.104724288519519	-0.561265250450461	0.456420170011535	0.156462546189727	0.252726232004649	0.376945102580468	-0.726614954690737	0.169579035662165	0.555077258339715	0.104733349473344	0.234545963084898	0.184372217251475	0.72385226900824	-0.403801065415576	-0.634988737212446	-0.257140869249303	0.498288813819664	0.385701041069817	0.88879275394509	-0.722506942623903	-0.843417811082593	0.0958435457578889	-0.178797038648967	-0.631859398851159	0.0612922979711662	0.325323509343736	-1.09062045963401	-0.168779700725401	-0.316707038171227	-0.0133703563040871	-0.248067952971246	-0.574755773605601	0.173026087270589	-0.290954685825564	0.263875384120053	-0.151468054680078	-0.449671130388316	0.447951498169674	0.54654117481943	-0.551541388956989	-0.485648418559531	-0.153965097554678	-0.0508234979009821	-0.664828310368017	-0.542763352578934	-0.603102070816471	-0.315741896422109	0.0538560014066133	-0.825269103957142	0.102891638809893	-1.75530663139134	-0.812824400829647	-0.567265364109377	-0.22059673294879	0.421116490042181	0.3443125667586	0.0701246564012004	-1.59133032955562	-0.257817599285011	-0.0287721287363804	-0.0928281609917618
# N ate age devs (Initial guesses)
0	0	0	0	0	0	0	0	0	0	0	0	0	0	0	0	0	0	0
#######LIKELIHOOD WEIGHTS#######
# Fleet 1, Fleet 2 Landings LL weight
1
# Fleet 3 Discards LL weight
1
# Survey/index values LL weight
1
# Fleet 1 age comps LL weight
1
# Fleet 2 age comps LL weight
1
# Fleet 3 length comps LL weight
1
# Survey/Index age comps LL weight
1
# Additional weights
# Nage_init weight
0
# rec devs weight
1
# rec devs early weight
0
# rec devs late weight
0
# Ftune weight
0
#######MISCELLANEOUS STUFF SECTION#######
# Weight-length a par
2.5e-08
# Weight-length b par
3
# Proportion female
0.5	0.5	0.5	0.5	0.5	0.5	0.5	0.5	0.5	0.5	0.5	0.5	0.5	0.5	0.5	0.5	0.5	0.5	0.5	0.5
# Maturity at age
0.0229773699100256	0.320821300824607	0.904650535100891	0.994779874306442	0.999738809680904	0.999986992871533	0.999999352405202	0.999999967758134	0.999999998394772	0.99999999992008	0.999999999996021	0.999999999999802	0.99999999999999	1	1	1	1	1	1	1
# Fecundity parameters: batch size
22	45	63	77	88	97	104	109	114	117	120	122	123	125	126	126	127	128	128	128
# Fecundity parameters: a
-271137
# Fecundity parameters: b
0.0235
# Fecundity parameters: c
2.7404
# Fecundity parameters: thresh
400
# Fecundity parameters: fecmin
55523
# Natural mortality lengths (for Lorenzen fcn)
21.8615849013585	34.2667028851562	44.0249143110293	51.700995292799	57.7392144568621	62.4890458825402	66.225395617348	69.1645124174365	71.4765035793149	73.295180241788	74.725801974761	75.8511688885648	76.7364138568853	77.4327722128353	77.980547096912	78.4114420823192	78.7503960830344	79.017026743617	79.2267658498458	79.3917524743606
# Natural mortality scalar (for Lorenzen fcn)
0.287
# Spawn fraction
0
# Tuning year
10
# Tuning F
0.2
# Minimum sample size for age comps
1
# Minimum sample size for length comps
1
# Ageing error matrix (if Identity then none)
1	0	0	0	0	0	0	0	0	0	0	0	0	0	0	0	0	0	0	0
0	1	0	0	0	0	0	0	0	0	0	0	0	0	0	0	0	0	0	0
0	0	1	0	0	0	0	0	0	0	0	0	0	0	0	0	0	0	0	0
0	0	0	1	0	0	0	0	0	0	0	0	0	0	0	0	0	0	0	0
0	0	0	0	1	0	0	0	0	0	0	0	0	0	0	0	0	0	0	0
0	0	0	0	0	1	0	0	0	0	0	0	0	0	0	0	0	0	0	0
0	0	0	0	0	0	1	0	0	0	0	0	0	0	0	0	0	0	0	0
0	0	0	0	0	0	0	1	0	0	0	0	0	0	0	0	0	0	0	0
0	0	0	0	0	0	0	0	1	0	0	0	0	0	0	0	0	0	0	0
0	0	0	0	0	0	0	0	0	1	0	0	0	0	0	0	0	0	0	0
0	0	0	0	0	0	0	0	0	0	1	0	0	0	0	0	0	0	0	0
0	0	0	0	0	0	0	0	0	0	0	1	0	0	0	0	0	0	0	0
0	0	0	0	0	0	0	0	0	0	0	0	1	0	0	0	0	0	0	0
0	0	0	0	0	0	0	0	0	0	0	0	0	1	0	0	0	0	0	0
0	0	0	0	0	0	0	0	0	0	0	0	0	0	1	0	0	0	0	0
0	0	0	0	0	0	0	0	0	0	0	0	0	0	0	1	0	0	0	0
0	0	0	0	0	0	0	0	0	0	0	0	0	0	0	0	1	0	0	0
0	0	0	0	0	0	0	0	0	0	0	0	0	0	0	0	0	1	0	0
0	0	0	0	0	0	0	0	0	0	0	0	0	0	0	0	0	0	1	0
0	0	0	0	0	0	0	0	0	0	0	0	0	0	0	0	0	0	0	1
# Projection end year
80
# Projection start year
71
# F Projection type
2
# F Projection mult
1
#######END OF DATA FILE#######
999
