# Number of parameters = 301 Objective function value = 73392.5061738131  Maximum gradient component = 0.0187854969793780
# Linf:
800.000000000
# K:
0.240000000000
# t0:
-0.330000000000
# len_cv_val:
0.103174053124
# M_logit:
-0.247712211423
# M_b:
-1.00000000000
# log_Nage_dev:
 0.00000000000 0.00000000000 0.00000000000 0.00000000000 0.00000000000 0.00000000000 0.00000000000 0.00000000000 0.00000000000 0.00000000000 0.00000000000 0.00000000000 0.00000000000 0.00000000000 0.00000000000 0.00000000000 0.00000000000 0.00000000000 0.00000000000
# log_R0:
12.5222401352
# steep:
0.999000000000
# rec_sigma:
0.490737936042
# R_autocorr:
0.00000000000
# log_rec_dev:
 0.417629713138 0.148495025561 -0.230580024221 0.0553073148540 -0.137771126641 -0.206568091057 1.04278790740 0.491998663961 -0.539237313690 0.00324076335105 -0.280841126076 0.626482780751 0.252510263286 0.346142742338 0.496335039172 -0.577597165477 0.241168951460 0.735291481724 0.379082083390 0.342721324895 0.254366532070 0.824625380817 -0.202848536511 -0.343048974895 -0.0196302530080 0.697989798256 0.595525474259 1.04668403258 -0.595146896502 -0.604914255890 0.332294980159 0.0923976136340 -0.434585951121 0.138613474350 0.450440764038 -0.888441845260 -0.0178258191943 -0.149646331901 0.154158742342 -0.0550412151098 -0.586746688841 0.290919369234 -0.109490929949 0.390984675785 0.0449375277912 -0.276873496693 0.539455413344 0.581890909442 -0.436292193366 -0.339108362203 -0.0840954513593 -0.0510327072173 -0.576744025601 -0.299787908052 -0.574691749700 -0.236441608274 0.129526929447 -0.710276168556 0.255834424267 -1.48270574160 -0.622159889428 -0.423022515121 -0.0719670876421 0.472841919877 0.419004664801 0.0429232831306 -1.23322856614 -0.240661771164 -0.0596606346983 0.364102457251
# log_dm_fleet1_ac:
4.05914893625
# log_dm_fleet2_ac:
5.60500835897
# log_dm_fleet3_lc:
5.99999704696
# log_dm_survey1_ac:
5.07349041363
# selpar_A50_survey1:
1.91110173124
# selpar_slope_survey1:
2.65919188875
# selpar_A50_fleet1_B1:
2.66135389341
# selpar_slope_fleet1_B1:
5.23238909129
# selpar_A50_fleet2_B1:
3.29576770187
# selpar_slope_fleet2_B1:
3.02318763149
# selpar_A50_asc_fleet3_B1:
2.73152435689
# selpar_slope_asc_fleet3_B1:
5.23089779606
# selpar_A50_dsc_fleet3_B1:
5.00000000000
# selpar_slope_dsc_fleet3_B1:
0.000100000000000
# log_q_survey1:
-14.2794373321
# log_avg_F_fleet1:
-3.19264914132
# log_F_dev_fleet1:
 -2.74313791379 -2.90669642127 -2.57359119404 -1.99431085437 -2.13135759797 -1.45445612097 -1.63919825676 -1.64323211530 -1.31878269735 -0.968094560489 -0.855156668390 -1.27267004742 -0.689069764343 -0.556324905691 -0.729258210577 -0.00889793786269 0.309971915151 0.0550130486000 0.389549305942 -0.171011968814 0.714009977233 0.477535195863 0.498498457385 0.502956862454 0.310294754528 0.547947427921 0.306278450147 0.899776588205 1.06751695170 0.942635683093 0.792172197486 0.507136453849 1.31771346850 1.19378961728 1.25829748322 1.06631100075 0.631379923663 0.728583606862 0.815681519973 1.18584311781 0.603118831404 0.909469055502 0.763204923386 1.34191209740 0.826569995172 1.13667097096 0.757196562882 0.649964851730 0.513671512112 0.572672141202 0.540899855183 0.448949593623 0.707128690739 0.490839389238 0.265721772893 0.474932701528 0.566915715674 0.241616213045 -0.00960868240313 -0.158420661361 0.441708236792 -0.0694236733281 0.103300357434 0.0444248522826 -1.03538705647 -0.856493481815 -1.00489207994 -0.687938145461 -0.928495278529 -0.513875033041
# log_avg_F_fleet2:
-3.61791993988
# log_F_dev_fleet2:
 -1.35715078567 -1.09212960243 -1.82409425766 -1.05867300732 -0.648603291027 -0.743199295403 -0.247384364430 -0.772634757031 -0.424053714010 -0.952482012026 -0.519543194489 -0.667781893349 -0.271335647677 0.0682460417969 -0.166198200496 -0.167787189850 -0.0631276700776 -0.118471072588 0.143048515859 -0.221418285997 0.218809687002 -0.371369407248 -0.206468298028 -0.0483480160889 0.209382098272 0.0529375216190 0.357771035413 0.342842141528 0.373754783968 0.794534735237 0.00283629089871 0.529507841118 0.117336054312 0.444360011403 0.0284454776156 0.800964968272 0.846493458636 0.345485283578 0.856388427924 0.854452911958 0.338757770623 0.0956604381009 0.593946244026 0.679624578352 0.353144548900 0.986738859385 0.376769139092 0.562588757006 0.707732179043 0.660168262054 0.306355069470 0.243647760478 0.647965480754 0.0723488596131 0.223147275055 0.378387596035 -0.196797944482 0.710181808165 0.161224283144 -0.00896171961089 -0.631606558035 -0.215892299638 -0.0607032259765 -0.0996943272644 -0.375523386425 -0.141834147812 -0.541588324650 -0.444329439692 -0.322659735785 -0.504141123439
# log_avg_F_fleet3:
-5.82270410541
# log_F_dev_fleet3:
 -5.47651530359 -6.30357598309 -6.18631392244 -5.56347040343 -5.12024768751 -5.00413977232 -4.66211554060 -4.40402125406 -4.58371558911 -4.87475637023 -4.11879571391 -4.04835852838 -4.08969361585 -3.69247719885 -3.29043770821 -3.26456732955 -2.90859630785 -3.03456087842 -2.93287353536 -1.67904970927 -1.88987198571 -1.74419135373 -1.37850228942 -1.41867599073 -1.63785851674 -1.19929413466 -1.36308344702 -0.830998630341 -0.931902062495 -0.452973420059 -0.157603131061 -0.603395515125 0.208394733438 0.362359335428 0.156333628342 0.805078738355 1.27502885135 0.990912744052 1.28413865770 1.31890379013 2.15155705094 2.20009922769 1.70000873436 2.16455011994 2.45685910586 2.64654563733 2.24646182070 2.42579346749 2.45218579401 3.12913335034 2.85013207551 3.61288150249 2.94046982336 3.29818656345 3.09929053746 3.01565608439 3.26570851191 3.43885046090 3.32580701016 3.25437426918 3.61133864776 3.08634982782 3.30536529899 3.61271844315 3.69143194857 3.99909198478 3.60576891477 3.98487324174 4.11751593962 3.75647695566
# F_init:
0.561122847677
