# Number of parameters = 301 Objective function value = 72805.7184452470  Maximum gradient component = 0.00285502196987884
# Linf:
800.000000000
# K:
0.240000000000
# t0:
-0.330000000000
# len_cv_val:
0.0988468702857
# M_logit:
-0.228109496557
# M_b:
-1.00000000000
# log_Nage_dev:
 0.00000000000 0.00000000000 0.00000000000 0.00000000000 0.00000000000 0.00000000000 0.00000000000 0.00000000000 0.00000000000 0.00000000000 0.00000000000 0.00000000000 0.00000000000 0.00000000000 0.00000000000 0.00000000000 0.00000000000 0.00000000000 0.00000000000
# log_R0:
12.4933185282
# steep:
0.999000000000
# rec_sigma:
0.387410929090
# R_autocorr:
0.00000000000
# log_rec_dev:
 -0.293344405145 -0.392912891808 0.273634237271 -0.353470277345 -0.183902802354 -0.198710325795 0.267709644590 -0.0785784106051 -0.632971993603 -0.159334292316 -0.173394767626 0.575203198733 0.410913237958 -0.184762705833 -0.689392685820 -0.615044816752 -0.695172859170 -0.103504869944 0.707852815134 -0.556628442627 0.625422228282 0.00308093918501 0.897691158602 -0.411601672586 -0.251024054622 0.425346226364 0.366779105759 -0.0185603930381 -0.0560235699261 -0.0251039159258 0.396245478399 -0.0571769265830 0.108116733609 0.166942097155 0.687915811950 -0.294450233258 0.261419287870 -0.171342690909 0.0806621381168 -0.00956223964349 0.725451957569 0.160781524448 0.0377270549136 -0.939464488505 -0.439199482728 0.409306060140 -0.243940924537 -0.494705481288 0.264436147926 -0.0212660888191 0.130039433017 0.327288560552 -0.246452814049 0.560211257484 -0.0426380514245 -0.0278455267958 0.157050213389 0.279178310763 0.118814326049 0.271491845977 0.0223930567995 0.677340113195 -0.511968290043 -0.297857182451 -0.462043222348 0.246659499400 0.107091921678 -0.381734576281 -0.172803723516 0.137696473740
# log_dm_fleet1_ac:
5.47518075814
# log_dm_fleet2_ac:
4.03806342464
# log_dm_fleet3_lc:
5.99999858194
# log_dm_survey1_ac:
4.36161984649
# selpar_A50_survey1:
1.86427724960
# selpar_slope_survey1:
2.67158112935
# selpar_A50_fleet1_B1:
2.68551348425
# selpar_slope_fleet1_B1:
4.92302858309
# selpar_A50_fleet2_B1:
3.30291016645
# selpar_slope_fleet2_B1:
2.79095391885
# selpar_A50_asc_fleet3_B1:
2.63432743184
# selpar_slope_asc_fleet3_B1:
5.21964762881
# selpar_A50_dsc_fleet3_B1:
5.00000000000
# selpar_slope_dsc_fleet3_B1:
0.000100000000000
# log_q_survey1:
-14.1251875876
# log_avg_F_fleet1:
-3.17265635317
# log_F_dev_fleet1:
 -2.52382421790 -2.26234797409 -2.76849078252 -2.40817931044 -2.32568748667 -2.18611613115 -1.53770633044 -1.81048987475 -1.29107008712 -1.14729413471 -1.25326626834 -0.869303511896 -0.379770653042 -1.14024881240 -0.290540387877 -0.343942872691 -0.190342418280 -0.597370144278 0.0660262723364 0.268762097372 0.742145490214 0.396217453683 0.436811103872 1.10781509510 0.484564521421 1.04328181635 0.714527068953 0.486456877442 0.759847354261 0.640327031410 0.212707971335 1.00789166458 1.04051204344 0.741837775147 0.635225762745 0.927283119343 0.976990241660 0.765660261385 0.958423464058 0.565308175493 0.513940784568 1.15713844677 1.05252343909 0.895142696526 0.619367276402 1.17114351914 1.33082672626 1.29318675564 0.692375154106 1.07603770463 0.909603989892 0.906612786434 1.12056557586 0.892832562670 0.544423821045 0.440585343537 0.568499187006 -0.174135103081 0.440642887052 0.0977131342414 0.205433991608 -0.611088673462 -0.206704483863 -0.331723648473 -0.451164702349 -0.503016080508 -0.609771549906 -0.743718796928 -0.652132232270 -1.29777177465
# log_avg_F_fleet2:
-3.59470380635
# log_F_dev_fleet2:
 -1.50917778462 -1.16001180492 -1.32342178408 -0.875146706194 -0.854338581440 -0.935732008608 -0.772657013501 -0.947165725251 -1.00518740698 -0.106685960802 -0.376648607964 -0.508039154895 -0.141886644392 -0.300078753584 -0.684523839050 -0.384393788700 0.192795248760 0.171641439859 -0.0455942258362 -0.355818639199 -0.0912355249153 0.360365114248 -0.00960554935007 -0.229710120982 0.151756838980 -0.190654112457 0.211965833340 0.166909903882 0.322264629137 1.09990384960 0.879938137255 0.380157848276 0.111231570600 0.183653668263 0.608136631648 0.892951024843 0.750060542592 0.633985259849 0.642513171849 -0.0245403143796 0.588755478145 0.747518297942 0.833940983115 0.408830888757 0.579841876540 0.735086464061 0.486856129347 1.07891501138 0.924622838822 0.631071207518 0.225358671158 0.109445231001 0.00865202381342 0.418052141809 0.757969293076 -0.238296363887 0.0796642630489 -0.139386271950 -0.0920071133458 0.835921124579 0.185355187214 -0.217631718462 -0.386010371725 -0.471381431100 -0.346077631197 -0.490805226448 -0.575243635178 -0.366809494673 -0.276880810931 -0.963303703303
# log_avg_F_fleet3:
-5.83057833476
# log_F_dev_fleet3:
 -6.17953234246 -6.17206728334 -5.44191495694 -5.98342617062 -5.41743063949 -5.38865759987 -4.54665104941 -4.72181876591 -4.46929473090 -3.85183878187 -4.11713638872 -3.46617826686 -4.02538463246 -3.40157265347 -3.40148948258 -3.21824560842 -3.32596001238 -2.93492327857 -2.99077551834 -2.38868523410 -1.62781003590 -1.55964081897 -1.29646439919 -1.36953958992 -1.48391643005 -1.51474127331 -0.891506818684 -1.21672183187 -0.607475700666 -0.165062166642 0.00189355176116 -0.0811814800035 0.215132156162 0.0209121384682 0.792036597292 0.276389699120 1.07209215090 1.31199660416 1.32497293227 1.82655991451 1.58059412436 1.56169540303 1.39065615144 2.31281308580 2.59711204442 2.42652597549 2.30060233038 2.54199210386 2.77811566610 2.64302666851 3.10313087731 3.26809424765 2.82273346705 3.32111530664 3.32749091909 3.41679729600 3.56213114502 3.03370880798 3.93718542820 3.35495749571 2.78050943682 3.56581793581 3.66881939940 3.85249992540 3.27617741298 3.72547564679 3.14620723191 4.03102318177 3.49968710538 3.58836237700
# F_init:
0.492785426202
