#######BAM SIM (BAM MSE & General Simulation) INPUT#######
# Model start year
1
# Number of years
70
# S-R start year
1
# S-R end year
70
# Possible 3 phases of recdev constraint
5
67
# End year for selectivity time blocks (if used)
60
# SPR switch
3
# SPR proxy
0.4
# Number of ages in the population
20
# Vector of ages in population
1	2	3	4	5	6	7	8	9	10	11	12	13	14	15	16	17	18	19	20
# Number of ages in age comps data
20
# Vector ages in age comps data
1	2	3	4	5	6	7	8	9	10	11	12	13	14	15	16	17	18	19	20
# Number of length bins for length comps data
27
# Bin width
30
# Vector of length bins in length comps data
210	240	270	300	330	360	390	420	450	480	510	540	570	600	630	660	690	720	750	780	810	840	870	900	930	960	990
# Max F used in SPR and MSY calcs
1
# Number of iterations for SPR calcs
1001
# Number of years at end of time series to avg fleet Fs (for weighted selex)
3
# S-R bias correction
1
#######SURVEY DATA#######
# Survey/index number of years
70
# Survey/index years
1	2	3	4	5	6	7	8	9	10	11	12	13	14	15	16	17	18	19	20	21	22	23	24	25	26	27	28	29	30	31	32	33	34	35	36	37	38	39	40	41	42	43	44	45	46	47	48	49	50	51	52	53	54	55	56	57	58	59	60	61	62	63	64	65	66	67	68	69	70
# Survey/index observed values
1.32464059586053	2.55768401270087	2.6790144332014	1.19869534806916	2.38758000203497	1.32180977631013	1.45054674401763	1.57038361477061	2.21371781862853	1.15127834588341	2.18032682436373	1.59829541846791	1.73789728930906	2.26038431992169	2.16686791405878	1.46013321309819	0.865909872856834	0.77330580024759	1.34381322483982	2.05595095845079	1.86528147197266	1.25376803948396	1.17160132866818	0.860297569308634	0.914320692736699	0.871379678089927	0.644370751234887	1.17041075174309	0.962706073778836	1.50123229601496	0.537188416729651	0.60248654796373	0.73392281787533	0.995361805861637	0.850460319813863	1.10632242571913	0.73064201579026	0.879631824296688	0.800568019535835	0.556768032709014	0.784904235951723	0.912141246108858	0.673437673698721	1.01261740143998	0.666414043719989	0.289689743426285	0.637993114806648	0.802355086237524	0.64867402412668	0.523527392338675	0.688563205221566	0.697375247052806	0.559067546385237	0.438133508757572	1.05969637948216	1.21163247317852	1.10108313415487	0.86735319723635	0.71579587376678	0.583188935038877	0.589020449755366	0.709701706701864	1.30693635369053	0.947463597478488	0.658682125728582	0.430023609804838	0.575491018081956	0.703562675042033	0.741045719829111	0.596452389152457
# Survey/index cv of observed values
0.1	0.1	0.1	0.1	0.1	0.1	0.1	0.1	0.1	0.1	0.1	0.1	0.1	0.1	0.1	0.1	0.1	0.1	0.1	0.1	0.1	0.1	0.1	0.1	0.1	0.1	0.1	0.1	0.1	0.1	0.1	0.1	0.1	0.1	0.1	0.1	0.1	0.1	0.1	0.1	0.1	0.1	0.1	0.1	0.1	0.1	0.1	0.1	0.1	0.1	0.1	0.1	0.1	0.1	0.1	0.1	0.1	0.1	0.1	0.1	0.1	0.1	0.1	0.1	0.1	0.1	0.1	0.1	0.1	0.1
# Survey/index number of age comp years
70
# Survey/index age comp years
1	2	3	4	5	6	7	8	9	10	11	12	13	14	15	16	17	18	19	20	21	22	23	24	25	26	27	28	29	30	31	32	33	34	35	36	37	38	39	40	41	42	43	44	45	46	47	48	49	50	51	52	53	54	55	56	57	58	59	60	61	62	63	64	65	66	67	68	69	70
# Survey/index age comp sample size
100	100	100	100	100	100	100	100	100	100	100	100	100	100	100	100	100	100	100	100	100	100	100	100	100	100	100	100	100	100	100	100	100	100	100	100	100	100	100	100	100	100	100	100	100	100	100	100	100	100	100	100	100	100	100	100	100	100	100	100	100	100	100	100	100	100	100	100	100	100
# Survey/index number of fish in age comps
100	100	100	100	100	100	100	100	100	100	100	100	100	100	100	100	100	100	100	100	100	100	100	100	100	100	100	100	100	100	100	100	100	100	100	100	100	100	100	100	100	100	100	100	100	100	100	100	100	100	100	100	100	100	100	100	100	100	100	100	100	100	100	100	100	100	100	100	100	100
# Survey/index observed age comps
0	0.07	0.07	0.09	0.08	0.05	0.05	0.06	0.02	0.08	0.05	0.05	0.02	0.01	0.02	0.02	0.01	0.01	0.02	0.22
0	0.07	0.1	0.09	0.08	0.06	0.05	0.02	0.04	0.05	0.03	0.05	0.01	0.03	0.03	0.04	0.01	0	0.02	0.22
0.03	0	0.09	0.06	0.07	0.07	0.11	0.04	0.09	0.03	0.01	0.01	0.05	0.01	0.02	0.03	0.03	0.03	0	0.22
0.01	0.1	0.04	0.06	0.08	0.02	0.06	0.05	0.05	0.04	0.04	0.06	0.03	0	0.04	0.02	0.03	0.05	0.02	0.2
0.02	0.02	0.15	0.06	0.07	0.01	0.08	0.03	0.01	0.04	0.01	0.01	0.04	0.01	0.03	0.04	0	0.06	0.03	0.28
0.02	0.04	0.05	0.07	0.09	0.03	0.08	0.02	0.04	0.03	0.05	0.03	0.03	0.03	0.01	0.02	0.02	0	0.03	0.31
0	0.03	0.06	0.04	0.12	0.05	0.03	0.1	0.05	0.08	0.03	0.02	0.01	0.04	0.03	0.03	0.03	0	0.01	0.24
0	0.05	0.1	0.03	0.04	0.04	0.07	0.05	0.01	0.07	0.07	0.1	0.02	0.01	0.06	0.03	0.01	0.02	0.01	0.21
0	0.06	0.12	0.09	0.05	0.05	0.02	0.04	0.07	0.05	0.03	0.04	0.01	0.03	0.02	0.02	0.03	0.03	0	0.24
0.01	0.02	0.11	0.08	0.04	0.06	0.02	0.05	0.01	0.02	0.04	0.04	0.06	0.02	0.04	0.03	0.02	0.01	0.04	0.28
0.02	0.06	0.06	0.06	0.14	0.03	0.06	0.05	0.06	0.02	0.02	0.03	0.03	0.03	0.05	0.05	0.02	0.01	0.01	0.19
0.03	0.05	0.09	0.01	0.05	0.14	0.04	0.03	0.03	0.04	0.02	0.05	0.03	0.03	0.03	0.02	0.02	0.03	0.03	0.23
0.02	0.09	0.03	0.07	0.05	0.03	0.07	0.02	0.01	0.02	0.03	0.02	0.02	0.03	0.02	0.05	0.04	0.01	0.01	0.36
0	0.12	0.12	0.05	0.06	0.05	0.03	0.06	0.05	0.04	0.04	0.04	0.01	0	0.04	0.03	0.02	0.02	0.03	0.19
0.01	0.05	0.12	0.2	0.06	0.06	0.01	0.02	0.05	0.02	0.01	0.02	0.05	0.03	0.02	0.02	0.03	0.01	0	0.21
0.02	0.05	0.06	0.11	0.12	0.06	0.03	0.04	0.04	0.01	0.03	0	0.02	0.02	0.01	0.02	0.01	0.01	0.04	0.3
0.01	0.05	0.06	0.06	0.07	0.09	0.02	0.02	0.03	0.03	0.06	0	0.03	0.04	0.02	0.03	0.02	0.02	0.01	0.33
0.03	0.03	0.07	0.02	0.12	0.15	0.12	0	0.03	0	0	0.01	0.02	0.04	0.01	0.03	0.01	0.01	0	0.3
0.05	0.05	0.05	0.03	0.03	0.08	0.09	0.1	0.07	0.04	0.03	0.03	0.01	0.01	0.03	0.01	0.03	0	0.01	0.25
0.01	0.22	0.1	0.04	0.01	0.02	0.07	0.07	0.09	0.04	0.05	0.01	0.04	0	0.02	0	0	0.01	0	0.2
0.02	0.05	0.12	0.13	0.07	0.04	0.01	0.02	0.1	0.05	0.02	0.03	0.02	0.01	0.06	0.03	0.01	0.01	0.03	0.17
0.01	0.14	0.08	0.17	0.05	0.03	0.08	0.02	0.01	0.09	0.06	0.01	0.02	0.03	0.03	0.02	0.01	0	0.01	0.13
0	0.09	0.12	0.04	0.16	0.06	0.04	0.05	0.02	0.04	0.08	0.07	0.02	0.01	0.01	0.02	0.02	0.02	0.01	0.12
0	0.15	0.13	0.27	0.06	0.08	0.05	0.01	0.02	0.01	0.03	0.02	0.01	0.02	0	0.01	0.01	0.01	0.01	0.1
0	0.05	0.25	0.08	0.16	0.02	0.11	0.03	0.02	0.03	0.02	0.01	0.01	0.03	0.01	0.01	0	0	0.02	0.14
0.03	0.09	0.05	0.23	0.07	0.08	0.05	0.11	0.08	0	0	0	0.01	0.02	0.01	0	0.03	0.02	0.01	0.11
0.02	0.17	0.05	0.05	0.24	0.04	0.07	0.01	0.13	0.02	0	0	0.01	0	0.01	0.03	0	0.01	0.01	0.13
0	0.17	0.14	0.06	0.14	0.18	0	0.06	0.01	0.05	0.02	0	0.02	0	0.02	0.01	0.04	0	0.01	0.07
0	0.09	0.13	0.21	0.02	0.08	0.09	0.04	0.07	0.04	0.04	0.02	0	0	0.01	0	0.03	0.01	0.02	0.1
0.01	0.09	0.06	0.16	0.17	0.08	0.05	0.1	0.02	0.05	0.02	0.05	0.01	0	0	0.01	0	0.01	0.01	0.1
0.04	0.06	0.11	0.12	0.15	0.09	0.05	0.02	0.09	0.02	0.04	0	0.04	0.01	0.01	0.01	0	0.02	0.01	0.11
0.01	0.16	0.15	0.07	0.07	0.09	0.12	0.03	0.06	0.08	0.03	0.04	0	0.02	0	0	0	0	0	0.07
0.01	0.05	0.23	0.11	0.13	0.07	0.08	0.04	0.04	0.03	0.07	0	0.03	0	0.03	0.01	0.01	0	0	0.06
0.03	0.14	0.08	0.15	0.14	0.06	0.06	0.04	0.05	0.05	0	0.03	0.01	0.01	0	0.02	0.01	0	0	0.12
0.04	0.07	0.1	0.08	0.23	0.07	0.05	0.05	0.07	0.04	0.02	0.01	0.06	0.04	0.01	0.01	0.03	0	0	0.02
0.02	0.21	0.16	0.11	0.11	0.07	0.06	0.08	0.02	0.02	0.01	0.01	0.01	0.04	0.01	0	0	0.02	0	0.04
0.01	0.05	0.28	0.18	0.04	0.06	0.1	0.02	0.05	0.01	0.05	0.05	0.01	0	0.02	0.03	0.01	0.01	0	0.02
0.01	0.14	0.11	0.24	0.13	0.03	0.06	0.08	0.02	0.04	0.02	0.02	0.02	0	0	0.02	0	0.01	0	0.05
0.01	0.1	0.25	0.02	0.18	0.07	0.1	0.08	0.04	0.05	0.01	0	0.04	0.01	0.01	0	0	0	0	0.03
0.02	0.11	0.07	0.11	0.12	0.23	0.04	0.05	0.05	0.04	0	0.03	0.01	0	0.03	0	0	0.05	0	0.04
0.03	0.14	0.19	0.13	0.17	0.01	0.08	0.05	0.01	0.04	0.05	0	0.02	0.01	0	0	0.01	0.01	0.01	0.04
0.06	0.15	0.18	0.16	0.06	0.08	0.02	0.07	0.04	0.05	0.01	0.01	0.02	0.02	0.01	0.01	0.01	0	0.01	0.03
0.02	0.14	0.29	0.14	0.06	0.05	0.06	0.04	0.06	0.04	0	0	0	0.01	0	0.01	0	0.04	0	0.04
0	0.17	0.19	0.24	0.11	0.06	0	0	0.03	0.05	0.01	0.04	0.01	0.05	0.01	0.01	0	0	0.01	0.01
0.01	0.05	0.13	0.14	0.19	0.07	0.08	0.05	0.05	0.02	0.08	0.04	0.02	0.01	0.01	0.01	0	0	0	0.04
0.06	0.13	0.03	0.12	0.09	0.17	0.03	0.08	0.04	0.04	0.03	0.03	0.02	0.02	0.01	0.02	0.01	0	0.01	0.06
0.05	0.22	0.09	0.04	0.15	0.05	0.08	0.07	0.02	0.01	0.04	0.04	0.03	0.02	0.01	0.02	0.01	0	0.01	0.04
0.02	0.09	0.25	0.11	0.05	0.08	0.06	0.1	0.06	0.05	0.02	0.03	0	0	0.01	0.01	0.02	0	0	0.04
0.06	0.07	0.15	0.3	0.04	0.02	0.04	0.09	0.09	0.04	0.01	0.04	0.02	0.01	0	0	0.02	0	0	0
0.04	0.18	0.1	0.12	0.17	0.05	0.04	0.12	0.04	0.04	0	0.02	0	0.01	0.01	0.01	0.01	0	0.01	0.03
0.03	0.09	0.25	0.16	0.03	0.17	0.02	0.01	0.03	0.06	0.06	0.03	0.04	0.01	0	0	0	0	0	0.01
0.02	0.14	0.21	0.2	0.11	0.06	0.05	0.05	0.03	0.03	0.03	0.04	0	0	0.01	0.01	0	0	0	0.01
0.02	0.17	0.24	0.14	0.09	0.06	0.02	0.08	0.04	0.02	0.05	0.01	0.02	0	0.01	0.02	0	0	0	0.01
0.01	0.14	0.28	0.14	0.06	0.09	0.06	0.03	0.03	0.01	0.02	0.04	0.02	0.04	0.01	0	0.02	0	0	0
0.06	0.21	0.17	0.2	0.1	0.04	0.06	0.02	0.02	0.04	0	0	0.01	0.02	0.03	0.01	0	0	0	0.01
0.01	0.15	0.27	0.07	0.16	0.09	0.03	0.04	0.03	0.01	0.07	0.01	0.01	0.01	0.01	0	0	0.01	0	0.02
0.01	0.11	0.16	0.27	0.09	0.08	0.09	0.03	0.04	0.01	0.02	0.03	0.01	0	0	0	0.02	0	0.01	0.02
0.03	0.18	0.19	0.15	0.17	0.05	0.05	0.06	0.02	0.01	0.04	0.01	0.02	0.01	0.01	0	0	0	0	0
0.03	0.2	0.17	0.17	0.06	0.09	0.02	0.1	0.05	0.04	0.02	0.01	0	0.02	0	0	0	0	0	0.02
0.05	0.13	0.25	0.16	0.14	0.05	0.08	0.03	0.03	0.02	0	0.01	0.01	0.01	0.02	0	0	0	0	0.01
0.07	0.11	0.27	0.12	0.1	0.1	0.04	0.07	0.01	0.03	0.03	0.02	0.02	0	0.01	0	0	0	0	0
0.07	0.1	0.15	0.2	0.15	0.09	0.06	0.03	0.06	0	0.03	0	0.01	0.03	0	0	0	0	0	0.02
0	0.18	0.14	0.19	0.14	0.09	0.08	0.02	0.01	0.05	0.01	0.04	0.01	0	0.01	0	0	0.02	0	0.01
0.01	0.06	0.25	0.12	0.12	0.09	0.08	0.11	0.01	0.06	0.04	0.02	0.01	0	0	0.01	0	0	0.01	0
0.01	0.05	0.1	0.2	0.13	0.07	0.09	0.13	0.03	0.04	0.02	0.03	0.03	0.04	0.01	0	0	0.01	0.01	0
0.06	0.1	0.13	0.07	0.18	0.13	0.08	0.04	0.04	0.05	0.03	0.02	0.04	0	0	0	0.01	0.01	0	0.01
0.02	0.2	0.1	0.12	0.06	0.2	0.04	0.05	0.07	0.06	0.04	0.02	0	0.02	0	0	0	0	0	0
0.02	0.17	0.19	0.05	0.09	0.06	0.14	0.07	0.07	0.02	0.04	0.02	0.01	0	0.03	0.01	0	0	0	0.01
0.04	0.07	0.26	0.17	0.03	0.05	0.07	0.09	0.08	0.04	0.02	0.01	0	0.01	0.01	0.01	0.01	0.01	0	0.02
0.02	0.08	0.09	0.16	0.19	0.07	0.05	0.03	0.15	0.04	0.04	0.01	0.02	0.01	0.01	0	0.02	0.01	0	0
#######FLEET 1 DATA#######
# Fleet 1 landings start year
1
# Fleet 1 landings end year
70
# Fleet 1 observed landings
61.621626055768	79.5376330350595	47.3999824761673	66.9567700541977	71.9224537378637	81.5409500541153	153.136735620984	114.259693277712	189.855568746149	214.711833654709	186.529076667166	265.512101655186	415.898218625548	191.033392999292	441.706941860456	410.589963613156	459.644399375789	291.838074113501	532.293721898373	610.064477001459	919.149189360879	612.768788831709	618.225211804278	1136.25021132035	611.516908196798	1034.2476709073	706.6007849125	550.069576698718	714.833096355909	596.724355982725	370.970569011588	793.045094293872	787.521665125801	561.626868131883	492.965620349911	636.511184933917	661.636221919793	517.708316915191	614.122707204305	406.261107865305	386.04436783021	709.079696546709	632.17499179653	531.167742257506	395.386299796697	649.571657775057	674.483058586328	590.797632721366	298.151340841613	411.245099169602	340.961316497428	336.214325892586	418.502321453882	343.772847170049	237.32787954397	226.339068714136	263.026090857665	130.243338930925	244.637436115067	174.147681708054	202.966704667021	95.8914376419422	147.047921876744	136.192786150921	122.446954861281	115.814658762347	102.514744890976	89.0262182732129	95.9064385390058	50.1751632549038
# Fleet 1 cv of observed landings
0.05	0.05	0.05	0.05	0.05	0.05	0.05	0.05	0.05	0.05	0.05	0.05	0.05	0.05	0.05	0.05	0.05	0.05	0.05	0.05	0.05	0.05	0.05	0.05	0.05	0.05	0.05	0.05	0.05	0.05	0.05	0.05	0.05	0.05	0.05	0.05	0.05	0.05	0.05	0.05	0.05	0.05	0.05	0.05	0.05	0.05	0.05	0.05	0.05	0.05	0.05	0.05	0.05	0.05	0.05	0.05	0.05	0.05	0.05	0.05	0.05	0.05	0.05	0.05	0.05	0.05	0.05	0.05	0.05	0.05
# Fleet 1 number of years of age comps
70
# Fleet 1 age comps years
1	2	3	4	5	6	7	8	9	10	11	12	13	14	15	16	17	18	19	20	21	22	23	24	25	26	27	28	29	30	31	32	33	34	35	36	37	38	39	40	41	42	43	44	45	46	47	48	49	50	51	52	53	54	55	56	57	58	59	60	61	62	63	64	65	66	67	68	69	70
# Fleet 1 age comps sample size
100	100	100	100	100	100	100	100	100	100	100	100	100	100	100	100	100	100	100	100	100	100	100	100	100	100	100	100	100	100	100	100	100	100	100	100	100	100	100	100	100	100	100	100	100	100	100	100	100	100	100	100	100	100	100	100	100	100	100	100	100	100	100	100	100	100	100	100	100	100
# Fleet 1 number of fish in age comps
100	100	100	100	100	100	100	100	100	100	100	100	100	100	100	100	100	100	100	100	100	100	100	100	100	100	100	100	100	100	100	100	100	100	100	100	100	100	100	100	100	100	100	100	100	100	100	100	100	100	100	100	100	100	100	100	100	100	100	100	100	100	100	100	100	100	100	100	100	100
# Fleet 1 observed age comps
0	0.01	0.08	0.1	0.1	0.08	0.04	0.04	0.02	0.04	0.04	0.04	0.03	0.03	0.03	0.01	0.01	0.02	0.01	0.27
0	0	0.09	0.1	0.06	0.03	0.04	0.03	0.05	0.03	0.04	0.03	0.1	0.02	0.01	0.01	0.03	0.02	0.04	0.27
0	0	0.05	0.08	0.08	0.04	0.07	0.03	0.01	0.02	0.08	0.04	0.05	0.04	0.03	0.03	0.05	0.01	0.02	0.27
0	0.01	0.02	0.03	0.06	0.05	0.04	0.07	0.07	0.06	0.06	0.06	0.06	0.05	0.01	0.02	0.03	0	0	0.3
0	0	0.06	0.08	0.02	0.06	0.12	0.04	0.02	0.05	0.06	0.04	0.06	0.03	0.04	0.06	0.02	0.01	0.01	0.22
0	0	0.07	0.08	0.05	0.03	0.06	0.08	0.06	0.02	0.03	0.09	0.01	0.06	0.03	0.02	0.03	0.03	0.02	0.23
0	0	0.01	0.05	0.09	0.05	0.03	0.06	0.08	0.06	0.05	0.01	0.04	0.02	0.03	0.02	0.04	0.04	0.03	0.29
0	0	0.05	0.14	0.05	0.16	0.04	0.03	0.05	0.05	0.02	0.03	0.04	0	0.01	0.04	0	0.03	0.03	0.23
0	0.01	0.14	0.02	0.06	0.04	0.08	0.04	0.04	0.02	0.07	0.05	0.04	0.02	0.01	0.03	0.03	0.02	0.04	0.24
0	0	0.06	0.13	0.07	0.04	0.04	0.04	0.01	0.03	0.06	0.03	0.04	0.07	0.03	0.02	0.06	0.03	0.02	0.22
0	0	0.03	0.06	0.09	0.06	0.04	0.03	0.05	0.01	0.04	0.07	0.06	0.03	0.05	0.02	0	0.03	0.04	0.29
0	0.01	0.11	0.04	0.05	0.06	0.05	0.04	0.05	0.04	0.01	0.01	0.08	0.04	0.02	0.03	0.05	0.03	0.04	0.24
0	0.01	0.05	0.08	0.06	0.06	0.08	0.05	0.05	0.03	0.05	0.03	0.02	0.02	0.05	0.01	0.03	0.02	0.02	0.28
0	0	0.17	0.12	0.02	0.01	0.02	0.07	0.04	0.02	0.07	0.06	0.01	0	0.03	0	0.05	0.02	0.01	0.28
0	0.01	0.09	0.15	0.05	0.04	0.03	0.07	0.06	0.01	0.05	0.03	0.02	0.01	0.02	0.03	0.04	0.04	0.02	0.23
0	0.01	0.04	0.19	0.15	0.03	0.03	0.06	0	0.04	0.05	0.04	0.01	0.05	0.01	0.01	0.02	0.05	0.01	0.2
0	0	0.09	0.03	0.14	0.15	0.02	0.06	0.01	0.04	0.05	0.03	0.03	0.01	0.04	0.01	0	0.03	0.01	0.25
0	0	0.02	0.03	0.06	0.09	0.11	0.09	0.03	0.01	0.05	0.03	0.02	0.04	0.01	0.05	0.02	0.04	0.03	0.27
0	0	0.06	0.07	0	0.13	0.05	0.11	0.06	0.05	0.02	0.04	0.05	0.02	0.01	0.02	0	0.01	0	0.3
0	0.02	0.09	0.03	0.04	0.03	0.08	0.15	0.12	0.04	0.02	0.02	0.01	0.04	0.02	0.04	0.01	0.03	0.01	0.2
0	0	0.19	0.14	0.05	0.05	0.03	0.06	0.08	0.05	0.04	0.03	0	0.03	0.01	0	0.03	0.02	0.02	0.17
0	0.01	0.06	0.22	0.12	0.05	0.07	0.02	0.09	0.03	0.05	0.02	0	0.01	0.03	0	0.03	0.02	0.02	0.15
0	0	0.24	0.05	0.11	0.06	0.04	0	0.05	0.03	0.1	0.02	0.01	0.01	0.01	0.01	0.02	0.01	0.01	0.22
0	0	0.16	0.15	0.07	0.14	0.04	0.01	0.03	0.02	0.02	0.03	0.03	0.02	0.01	0	0	0.01	0.01	0.25
0	0	0.18	0.13	0.15	0.03	0.1	0.03	0.02	0.02	0.02	0.03	0.04	0.04	0.02	0.02	0	0.01	0.01	0.15
0	0.01	0.06	0.3	0.09	0.17	0.02	0.09	0.02	0.02	0.01	0.02	0.03	0	0.01	0	0.01	0	0.04	0.1
0	0.01	0.13	0.05	0.26	0.04	0.12	0.01	0.08	0.02	0.01	0.01	0.01	0.01	0.01	0.04	0.01	0.01	0	0.17
0	0.01	0.24	0.07	0.07	0.14	0.11	0.07	0.04	0.02	0.03	0.02	0	0	0.03	0.01	0.01	0	0.01	0.12
0	0.01	0.16	0.11	0.08	0.02	0.18	0.02	0.11	0	0.07	0.01	0.02	0.02	0.01	0.01	0.02	0.03	0.01	0.11
0	0	0.15	0.14	0.11	0.02	0.04	0.19	0.04	0.04	0.01	0.07	0.01	0	0.02	0	0	0.03	0.03	0.1
0	0	0.14	0.11	0.09	0.14	0.06	0.02	0.16	0.03	0.04	0.04	0.04	0	0.01	0	0	0	0.02	0.1
0	0	0.13	0.07	0.1	0.11	0.11	0.04	0.04	0.14	0.01	0.06	0	0.05	0.01	0	0	0.01	0	0.12
0	0	0.15	0.11	0.08	0.06	0.08	0.11	0.03	0.02	0.1	0.04	0.02	0.02	0.04	0.01	0.01	0	0.01	0.11
0	0.02	0.18	0.23	0.1	0.1	0.04	0.07	0.07	0.04	0.01	0.05	0.01	0.01	0.01	0.01	0.01	0	0	0.04
0	0	0.18	0.08	0.08	0.07	0.09	0.08	0.1	0.05	0.06	0.02	0.07	0.02	0	0.02	0.01	0	0.01	0.06
0	0.01	0.15	0.12	0.13	0.12	0.07	0.03	0.06	0.05	0.05	0	0.01	0.05	0.02	0.04	0	0.01	0.02	0.06
0	0	0.21	0.21	0.09	0.11	0.12	0.05	0.04	0.02	0.05	0.03	0.01	0	0.01	0	0.03	0	0	0.02
0	0.02	0.09	0.29	0.08	0.05	0.06	0.08	0.03	0.07	0.03	0.05	0.03	0	0	0.02	0.01	0.01	0	0.08
0	0.02	0.21	0.1	0.17	0.08	0.08	0.05	0.07	0.03	0.02	0.01	0.03	0.04	0	0.02	0.02	0.01	0.01	0.03
0	0.01	0.13	0.18	0.08	0.25	0.08	0.03	0.02	0.07	0.02	0.02	0	0.02	0.02	0.01	0.01	0	0.01	0.04
0	0.01	0.14	0.15	0.13	0.04	0.1	0.08	0.04	0.05	0.04	0.04	0.03	0.02	0.01	0.01	0.02	0	0.02	0.07
0	0.04	0.19	0.17	0.1	0.14	0.07	0.07	0.03	0.05	0.02	0.08	0.01	0.01	0	0	0.02	0	0	0
0	0	0.22	0.07	0.14	0.09	0.12	0.07	0.1	0.03	0.01	0.02	0.05	0	0	0.01	0.01	0.02	0	0.04
0	0	0.2	0.31	0.1	0.08	0.02	0.05	0.04	0.06	0.02	0.03	0.02	0.01	0.01	0	0.01	0.02	0.01	0.01
0	0	0.15	0.16	0.23	0.08	0.06	0.05	0.07	0	0.04	0.02	0.05	0.02	0	0	0	0.01	0.01	0.05
0	0	0.07	0.08	0.13	0.15	0.05	0.12	0.05	0.06	0.02	0.09	0.04	0.02	0.01	0.03	0.01	0.01	0.01	0.05
0	0	0.08	0.05	0.17	0.1	0.19	0.06	0.07	0.06	0.04	0.01	0.06	0.03	0.02	0	0	0	0.01	0.05
0	0.01	0.22	0.13	0.08	0.09	0.12	0.11	0.04	0.06	0.01	0.01	0.01	0.06	0	0	0.02	0	0.01	0.02
0	0.01	0.22	0.33	0.1	0.02	0.06	0.05	0.07	0.01	0.02	0.04	0.01	0.01	0.01	0.02	0	0.01	0.01	0
0	0.02	0.12	0.13	0.25	0.06	0.04	0.06	0.1	0.09	0.01	0.01	0	0.03	0.01	0.02	0.02	0.01	0	0.02
0	0	0.33	0.1	0.1	0.15	0.01	0.01	0.04	0.04	0.1	0.02	0.01	0.01	0.01	0.02	0.01	0.01	0.01	0.02
0	0.02	0.16	0.29	0.11	0.09	0.1	0.04	0.02	0.05	0.03	0.02	0.01	0.01	0	0	0.02	0.01	0	0.02
0	0.03	0.19	0.28	0.13	0.06	0.08	0.07	0.03	0	0.02	0.03	0.03	0.01	0.01	0.01	0	0	0	0.02
0	0.01	0.21	0.27	0.13	0.11	0.04	0.05	0.07	0.01	0	0.01	0.02	0.05	0	0.01	0	0	0	0.01
0.01	0	0.15	0.29	0.11	0.1	0.09	0.05	0.02	0.05	0.01	0	0.06	0.03	0.02	0	0	0	0	0.01
0	0.01	0.4	0.1	0.13	0.12	0.08	0.05	0.01	0	0.02	0.01	0	0.01	0	0.03	0	0	0	0.03
0	0.01	0.16	0.4	0.07	0.1	0.07	0.04	0.07	0.01	0.03	0.01	0	0.02	0	0	0	0.01	0	0
0	0.02	0.18	0.17	0.25	0.06	0.1	0.07	0.06	0.04	0	0	0.01	0.01	0.01	0	0	0	0	0.02
0	0	0.15	0.19	0.12	0.18	0.09	0.11	0.04	0.03	0.05	0	0	0	0.02	0	0	0	0	0.02
0	0	0.32	0.24	0.09	0.05	0.12	0.02	0.04	0.02	0.04	0.02	0	0	0	0.03	0	0	0	0.01
0	0.03	0.2	0.27	0.08	0.13	0.07	0.1	0.01	0	0.01	0.01	0.04	0	0.02	0.01	0	0	0	0.02
0	0.01	0.22	0.26	0.15	0.1	0.04	0.03	0.06	0	0.04	0.02	0	0.03	0.01	0.02	0	0	0	0.01
0	0.01	0.19	0.23	0.11	0.13	0.09	0.06	0.06	0.04	0.03	0.01	0.02	0.02	0	0	0	0	0	0
0	0	0.26	0.13	0.17	0.1	0.13	0.06	0.03	0.04	0.04	0.01	0	0	0.01	0	0	0	0.01	0.01
0	0.01	0.08	0.3	0.11	0.15	0.03	0.09	0.09	0.03	0.01	0.04	0	0.02	0	0	0.02	0	0	0.02
0	0	0.17	0.13	0.22	0.09	0.08	0.05	0.05	0.05	0.03	0.04	0.03	0	0.02	0	0	0	0.01	0.03
0	0	0.17	0.14	0.08	0.24	0.05	0.09	0.01	0.02	0.03	0.02	0.03	0.06	0	0.01	0	0.02	0.01	0.02
0	0.01	0.26	0.12	0.09	0.02	0.13	0.01	0.1	0.07	0.06	0.03	0.02	0.02	0.03	0.01	0.01	0.01	0	0
0	0.01	0.2	0.2	0.02	0.07	0.08	0.16	0.04	0.05	0.05	0.05	0.02	0.02	0.01	0.01	0	0.01	0	0
0	0.01	0.15	0.22	0.11	0.09	0.06	0.05	0.14	0.04	0.03	0.04	0.03	0	0.01	0.01	0.01	0	0	0
#######FLEET 2 DATA#######
# Fleet 2 start year
1
# Fleet 2 end year
70
# Fleet 2 observed landings
109.938610813939	155.01374886816	130.475585112775	201.740915552064	202.274246629103	184.565131550307	213.314045180698	175.517481364789	162.713778464574	392.771076944742	290.836962341323	246.73701645921	341.2577321209	282.089121085104	191.092807514987	254.842416046265	437.52327899486	408.11034245306	309.978809906818	212.545629180659	258.038662843375	382.657421032654	252.631232566136	194.533796944142	272.769157130288	192.653066405272	273.238307778155	251.238636533365	288.866163216408	598.591389433787	459.104733356943	265.139726699093	190.963177860473	200.621348979355	300.521166870028	383.47518644017	319.447467679935	283.960254649948	277.730083723597	140.720500038988	259.763791925247	292.446653395651	303.423178254009	199.799694291169	236.30087543635	262.800529039119	179.61626170821	286.713287005335	232.17369229538	164.434340353192	103.89646108344	92.3480028314476	83.3427363279499	127.015634540267	180.668063325544	68.1638443420119	99.4183740325679	83.3198891329169	88.710685205504	220.354155545612	121.659205865841	86.6715532913428	76.0877842941083	71.1078172179898	85.2186838027937	74.048645356991	67.1866732041458	80.2437226534485	86.1183490036111	44.0415345117422
# Fleet 2 cv of observed landings
0.05	0.05	0.05	0.05	0.05	0.05	0.05	0.05	0.05	0.05	0.05	0.05	0.05	0.05	0.05	0.05	0.05	0.05	0.05	0.05	0.05	0.05	0.05	0.05	0.05	0.05	0.05	0.05	0.05	0.05	0.05	0.05	0.05	0.05	0.05	0.05	0.05	0.05	0.05	0.05	0.05	0.05	0.05	0.05	0.05	0.05	0.05	0.05	0.05	0.05	0.05	0.05	0.05	0.05	0.05	0.05	0.05	0.05	0.05	0.05	0.05	0.05	0.05	0.05	0.05	0.05	0.05	0.05	0.05	0.05
# Fleet 2 number of years of age comps
70
# Fleet 2 age comps years
1	2	3	4	5	6	7	8	9	10	11	12	13	14	15	16	17	18	19	20	21	22	23	24	25	26	27	28	29	30	31	32	33	34	35	36	37	38	39	40	41	42	43	44	45	46	47	48	49	50	51	52	53	54	55	56	57	58	59	60	61	62	63	64	65	66	67	68	69	70
# Fleet 2 age comps sample size
100	100	100	100	100	100	100	100	100	100	100	100	100	100	100	100	100	100	100	100	100	100	100	100	100	100	100	100	100	100	100	100	100	100	100	100	100	100	100	100	100	100	100	100	100	100	100	100	100	100	100	100	100	100	100	100	100	100	100	100	100	100	100	100	100	100	100	100	100	100
# Fleet 2 number of fish in age comps
100	100	100	100	100	100	100	100	100	100	100	100	100	100	100	100	100	100	100	100	100	100	100	100	100	100	100	100	100	100	100	100	100	100	100	100	100	100	100	100	100	100	100	100	100	100	100	100	100	100	100	100	100	100	100	100	100	100	100	100	100	100	100	100	100	100	100	100	100	100
# Fleet 2 observed age comps
0	0	0.02	0.05	0.1	0.07	0.1	0.05	0.05	0.05	0.04	0.04	0.03	0.05	0.01	0.01	0.04	0.02	0.02	0.25
0	0	0.05	0.03	0.05	0.09	0.05	0.05	0.04	0.03	0.04	0.02	0.03	0.04	0.01	0.02	0.03	0.02	0.02	0.38
0	0	0.02	0.09	0.11	0.08	0.01	0.08	0.05	0.04	0.04	0.06	0.02	0.04	0.06	0.03	0.04	0.02	0.03	0.18
0	0	0.01	0.04	0.05	0.1	0.07	0.02	0.06	0.02	0.01	0.02	0.05	0.04	0.04	0	0	0.03	0.04	0.4
0	0	0.04	0.04	0.06	0.03	0.09	0.05	0.08	0.04	0.08	0.04	0.02	0.03	0.04	0.04	0.03	0.02	0.06	0.21
0	0.01	0.02	0.12	0.08	0.03	0.05	0.04	0.09	0.04	0.03	0.01	0.02	0.03	0.03	0.02	0.03	0.03	0.03	0.29
0	0	0	0.01	0.16	0.07	0.06	0.1	0.03	0.05	0.11	0.03	0.02	0.03	0.02	0.01	0.02	0.02	0.02	0.24
0	0	0.03	0.03	0.07	0.07	0.02	0.01	0.08	0.09	0.03	0.05	0.03	0.03	0.02	0.02	0.02	0.02	0.01	0.37
0	0	0.09	0.06	0.09	0.05	0.07	0.01	0.06	0.08	0.08	0.03	0.02	0.02	0	0.01	0.03	0.02	0.03	0.25
0	0	0.04	0.15	0.02	0.05	0.06	0.08	0.01	0.04	0.08	0.05	0.03	0.01	0.04	0.03	0.02	0.03	0	0.26
0	0	0.01	0.1	0.06	0.03	0.05	0.05	0.07	0.04	0.02	0.08	0.03	0.02	0.02	0.03	0.04	0.05	0.02	0.28
0	0	0.06	0.04	0.08	0.1	0.06	0.06	0.01	0.06	0.02	0.03	0.03	0.02	0.02	0.03	0.07	0.01	0.05	0.25
0	0	0.02	0.03	0.04	0.12	0.08	0.07	0.02	0.05	0.07	0.02	0.04	0.02	0.03	0.03	0.02	0.03	0	0.31
0	0	0.07	0.07	0.06	0.03	0.09	0.12	0.01	0.07	0.04	0.05	0.02	0.02	0.04	0	0.01	0	0.05	0.25
0	0	0.03	0.06	0.05	0.05	0	0.07	0.03	0.1	0.05	0.02	0.09	0.01	0.02	0.02	0.01	0.04	0.05	0.3
0	0	0.03	0.12	0.11	0.11	0.06	0.06	0.04	0.03	0.03	0.04	0.01	0.05	0.03	0	0.03	0.03	0.03	0.19
0	0	0.01	0.1	0.1	0.19	0.07	0.04	0.05	0.06	0.05	0.02	0.01	0.02	0.05	0	0	0.03	0.02	0.18
0	0	0.01	0.06	0.08	0.17	0.06	0.02	0.03	0.03	0.06	0.08	0.04	0.03	0	0.01	0	0.01	0.02	0.29
0	0	0.02	0.02	0.05	0.02	0.15	0.13	0.02	0.03	0.01	0.03	0.04	0.02	0.03	0.02	0.04	0.03	0.01	0.33
0	0	0.03	0.06	0.08	0.02	0.05	0.09	0.07	0.08	0.04	0.01	0.02	0.02	0.02	0.03	0	0.01	0.06	0.31
0.01	0	0.12	0.07	0.05	0.04	0.05	0.05	0.06	0.07	0.04	0.03	0.01	0.04	0.05	0.07	0.01	0.05	0	0.18
0	0.02	0.01	0.16	0.11	0.05	0.04	0.02	0.04	0.07	0.09	0.01	0.04	0.03	0.01	0.06	0.01	0.01	0	0.22
0.01	0.01	0.03	0.03	0.21	0.07	0.04	0.02	0.01	0.01	0.05	0.08	0.01	0.02	0.01	0.01	0.01	0.03	0.03	0.31
0	0.02	0.07	0.26	0.05	0.17	0.04	0.03	0.02	0.03	0.04	0.01	0.06	0.03	0	0	0	0.02	0.01	0.14
0	0	0.11	0.15	0.21	0.05	0.13	0.03	0.01	0.02	0.02	0.01	0.02	0.05	0.02	0.01	0	0	0.01	0.15
0	0.02	0.03	0.2	0.1	0.11	0.03	0.11	0.03	0.02	0.01	0	0.01	0.03	0.01	0.01	0.01	0.01	0.03	0.23
0	0.02	0.03	0.08	0.22	0.05	0.22	0.03	0.09	0.03	0	0.02	0.03	0.01	0	0.01	0.01	0.01	0	0.14
0	0.01	0.08	0.11	0.04	0.27	0.09	0.13	0.02	0.04	0.03	0	0.02	0.03	0	0.02	0	0.01	0	0.1
0	0	0.08	0.21	0.06	0.04	0.15	0.01	0.08	0.03	0.05	0.03	0	0.01	0.01	0	0.02	0.05	0.01	0.16
0	0	0.06	0.17	0.15	0.08	0.08	0.15	0.04	0.02	0.03	0.05	0.03	0	0	0.01	0.02	0	0.02	0.09
0	0.02	0.05	0.15	0.12	0.09	0.04	0.03	0.17	0.05	0.11	0	0.07	0.01	0	0.01	0	0	0	0.08
0	0	0.05	0.12	0.12	0.13	0.08	0.05	0.02	0.12	0.05	0.08	0	0.06	0.01	0	0	0	0.01	0.1
0	0	0.05	0.13	0.08	0.14	0.11	0.1	0.04	0.03	0.08	0.03	0.05	0.02	0.04	0.01	0.02	0.01	0	0.06
0	0	0.06	0.2	0.17	0.08	0.09	0.09	0.06	0.05	0.01	0.11	0	0.01	0.01	0.02	0	0	0	0.04
0	0.02	0.08	0.1	0.17	0.15	0.09	0.03	0.08	0.04	0.01	0.02	0.05	0.01	0.03	0.01	0.02	0.01	0.02	0.06
0	0.02	0.08	0.18	0.13	0.1	0.09	0.05	0.08	0.06	0.03	0.01	0.03	0.01	0.02	0.02	0.01	0.01	0	0.07
0	0	0.06	0.09	0.16	0.08	0.11	0.07	0.07	0.06	0.05	0.04	0.02	0	0.05	0.04	0.03	0	0.03	0.04
0	0.01	0.06	0.25	0.12	0.13	0.07	0.08	0.05	0.04	0.02	0.02	0.02	0.02	0.01	0.01	0.02	0.01	0.02	0.04
0	0.02	0.12	0.07	0.22	0.13	0.06	0.03	0.11	0.02	0.03	0.03	0.04	0.02	0	0	0.03	0	0.03	0.04
0	0.02	0.09	0.14	0.1	0.24	0.04	0.09	0.05	0.03	0.04	0	0.04	0.04	0.02	0.01	0.01	0.01	0.01	0.02
0	0	0.07	0.06	0.22	0.07	0.18	0.1	0.06	0.02	0.03	0.02	0.02	0.02	0.01	0.02	0	0	0.02	0.08
0	0.01	0.01	0.15	0.13	0.14	0.07	0.11	0.11	0.05	0.01	0.02	0.01	0.02	0.02	0.06	0.01	0.02	0	0.05
0	0	0.15	0.16	0.13	0.07	0.13	0.05	0.08	0.1	0.05	0	0.04	0	0.01	0	0	0	0.01	0.02
0	0	0.08	0.28	0.15	0.09	0.03	0.07	0.05	0.13	0	0.01	0.02	0.02	0	0.01	0.02	0.01	0	0.03
0	0	0.08	0.21	0.26	0.1	0.08	0.03	0.03	0.05	0.06	0.01	0	0	0.02	0	0.02	0	0	0.05
0.01	0.01	0.04	0.22	0.12	0.26	0.03	0.05	0.06	0.05	0.01	0.02	0.04	0.01	0.01	0	0.01	0.01	0	0.04
0	0.01	0.04	0.09	0.12	0.11	0.17	0.13	0.06	0.09	0.03	0.01	0.03	0.01	0	0.02	0.01	0.02	0.02	0.03
0	0	0.17	0.09	0.09	0.08	0.09	0.2	0.03	0.02	0.04	0.03	0.03	0.03	0.03	0.02	0	0.02	0	0.03
0	0	0.08	0.28	0.09	0.02	0.12	0.08	0.07	0.04	0.05	0.02	0.03	0.03	0.02	0.01	0	0.02	0	0.04
0	0	0.06	0.1	0.18	0.09	0.02	0.13	0.1	0.11	0.02	0.02	0.01	0.01	0	0.03	0.02	0.02	0	0.08
0	0.02	0.11	0.09	0.15	0.22	0.07	0.04	0.07	0.02	0.07	0.02	0.02	0.01	0.01	0.01	0.03	0.01	0	0.03
0	0	0.03	0.32	0.1	0.08	0.13	0.05	0.02	0.01	0.04	0.1	0.02	0.01	0.02	0.01	0	0.01	0.01	0.04
0	0.01	0.07	0.23	0.22	0.04	0.11	0.15	0.01	0	0.04	0.05	0.03	0.01	0.01	0	0	0.01	0	0.01
0	0	0.18	0.14	0.19	0.17	0.05	0.07	0.03	0.02	0.01	0.03	0.03	0.03	0.02	0	0	0.01	0.02	0
0	0.02	0.07	0.29	0.16	0.08	0.13	0.04	0.03	0.06	0	0	0.01	0	0.04	0.01	0	0.01	0.02	0.03
0	0.02	0.18	0.13	0.26	0.14	0.08	0.04	0.04	0.02	0.02	0.01	0.01	0.01	0	0.01	0.01	0	0	0.02
0	0	0.12	0.27	0.15	0.12	0.08	0.12	0.03	0	0.03	0	0.01	0	0.02	0.01	0.02	0	0	0.02
0	0.01	0.06	0.1	0.22	0.11	0.15	0.16	0.04	0.07	0	0.02	0.03	0.01	0	0.01	0	0	0.01	0
0	0.01	0.07	0.21	0.09	0.19	0.1	0.09	0.04	0.04	0.05	0.01	0.01	0.03	0.01	0.01	0.01	0.02	0	0.01
0	0	0.12	0.19	0.12	0.12	0.09	0.1	0.09	0.08	0.03	0.02	0.01	0.01	0	0	0	0	0.01	0.01
0	0.01	0.12	0.21	0.2	0.07	0.1	0.15	0.02	0.05	0.02	0.01	0.02	0	0	0	0.01	0	0.01	0
0	0.02	0.08	0.23	0.16	0.12	0.06	0.1	0.03	0.04	0.06	0.02	0.03	0.01	0	0.01	0.01	0.01	0	0.01
0	0.02	0.06	0.23	0.13	0.14	0.09	0.07	0.04	0.06	0.02	0.03	0.04	0.02	0.02	0.01	0	0.01	0	0.01
0	0	0.09	0.19	0.18	0.18	0.11	0.09	0.04	0.03	0.01	0.01	0.02	0.02	0.01	0.01	0	0	0.01	0
0	0	0.04	0.33	0.14	0.07	0.07	0.11	0.04	0.01	0.02	0.04	0.04	0.02	0.05	0	0	0	0.01	0.01
0	0.01	0.07	0.1	0.31	0.07	0.14	0.06	0.08	0.05	0.01	0.01	0.03	0.02	0.03	0	0	0.01	0	0
0.01	0	0.05	0.11	0.1	0.25	0.06	0.13	0.05	0.04	0.06	0.02	0.04	0.03	0	0	0.03	0	0.01	0.01
0	0.01	0.1	0.12	0.15	0.05	0.13	0.1	0.1	0.04	0.05	0.01	0.02	0.01	0.03	0.02	0.03	0.02	0	0.01
0	0.01	0.08	0.25	0.08	0.09	0.04	0.15	0.06	0.05	0.02	0.07	0.03	0.01	0.01	0.02	0.02	0	0	0.01
0	0	0.02	0.16	0.18	0.09	0.04	0.09	0.15	0.04	0.09	0.02	0.03	0.03	0.04	0	0.01	0.01	0	0
#######FLEET 3 DATA#######
# Fleet 3 start year
1
# Fleet 3 end year
70
# Fleet 3 observed discards
0.111530481950099	0.11164449203515	0.229230051747611	0.131346731155111	0.229026629142552	0.23225536734081	0.529104487292514	0.435484889935959	0.554562064584354	1.00620239087413	0.74619327760592	1.38891938516896	0.764250027920237	1.40168465031924	1.39498633729628	1.64136853703721	1.41229334064117	1.98235158059516	1.76966146291559	3.04597891513682	6.23875137212864	6.21970871089359	7.8496672860461	6.9067423174366	6.06662470708536	5.65743919682501	9.90777214886737	7.02135617261135	12.7484164825666	18.7975043792515	21.0401343857288	18.4358441249718	23.7826761347498	18.9421414580986	40.1550160046176	23.1218076042922	50.6927583232713	62.3111910956277	61.7230355879695	99.9595994236822	78.2094924223434	73.6534715302392	61.4090394285798	152.960590070575	200.152982798165	156.005485359191	121.611967124574	143.209582136306	168.404144862083	137.907691797326	215.460558554911	251.236598941293	161.699463017244	274.490094754845	269.974475555983	312.749851237892	367.048353219601	225.221087218129	558.427404372623	317.158643369246	187.715403538851	439.058010046902	493.84684919303	620.247088284573	354.985951272273	557.709574557121	308.377904860001	746.057075739457	428.950970039923	466.941165589632
# Fleet 3 cv of observed discards
0.05	0.05	0.05	0.05	0.05	0.05	0.05	0.05	0.05	0.05	0.05	0.05	0.05	0.05	0.05	0.05	0.05	0.05	0.05	0.05	0.05	0.05	0.05	0.05	0.05	0.05	0.05	0.05	0.05	0.05	0.05	0.05	0.05	0.05	0.05	0.05	0.05	0.05	0.05	0.05	0.05	0.05	0.05	0.05	0.05	0.05	0.05	0.05	0.05	0.05	0.05	0.05	0.05	0.05	0.05	0.05	0.05	0.05	0.05	0.05	0.05	0.05	0.05	0.05	0.05	0.05	0.05	0.05	0.05	0.05
# Fleet 3 number of years of length comps
70
# Fleet 3 length comps years
1	2	3	4	5	6	7	8	9	10	11	12	13	14	15	16	17	18	19	20	21	22	23	24	25	26	27	28	29	30	31	32	33	34	35	36	37	38	39	40	41	42	43	44	45	46	47	48	49	50	51	52	53	54	55	56	57	58	59	60	61	62	63	64	65	66	67	68	69	70
# Fleet 3 length comps sample size
100	100	100	100	100	100	100	100	100	100	100	100	100	100	100	100	100	100	100	100	100	100	100	100	100	100	100	100	100	100	100	100	100	100	100	100	100	100	100	100	100	100	100	100	100	100	100	100	100	100	100	100	100	100	100	100	100	100	100	100	100	100	100	100	100	100	100	100	100	100
# Fleet 3 number of fish in length comps
100	100	100	100	100	100	100	100	100	100	100	100	100	100	100	100	100	100	100	100	100	100	100	100	100	100	100	100	100	100	100	100	100	100	100	100	100	100	100	100	100	100	100	100	100	100	100	100	100	100	100	100	100	100	100	100	100	100	100	100	100	100	100	100	100	100	100	100	100	100
# Fleet 3 observed length comps
0	0	0	0	0	0.01	0.01	0.01	0.03	0.01	0.06	0.04	0.04	0.04	0.07	0.08	0.08	0.08	0.12	0.07	0.05	0.09	0.05	0.03	0.02	0.01	0
0	0	0	0	0	0	0.02	0.01	0.02	0.01	0.05	0.05	0.09	0.06	0.03	0.01	0.11	0.06	0.08	0.13	0.11	0.03	0.08	0.03	0.02	0	0
0	0	0	0.01	0.01	0	0.01	0.02	0	0.04	0.04	0.01	0.03	0.09	0.06	0.12	0.1	0.06	0.08	0.07	0.08	0.05	0.08	0.02	0.02	0	0
0	0	0	0	0	0	0.02	0.01	0.01	0.05	0.05	0.05	0	0.07	0.06	0.1	0.09	0.04	0.1	0.1	0.09	0.09	0.03	0.01	0.02	0.01	0
0	0	0	0	0	0	0.02	0.02	0.04	0.04	0.02	0.04	0.03	0.09	0.03	0.05	0.07	0.07	0.13	0.11	0.09	0.07	0.03	0.03	0.01	0.01	0
0	0	0	0	0	0.01	0.01	0	0.01	0.03	0.04	0.04	0.03	0.03	0.04	0.08	0.13	0.03	0.08	0.13	0.09	0.08	0.08	0.04	0.02	0	0
0	0	0	0	0	0	0.01	0.01	0.01	0.03	0.02	0.03	0.02	0.06	0.06	0.06	0.1	0.09	0.08	0.14	0.11	0.03	0.07	0.03	0.03	0.01	0
0	0	0	0	0	0.01	0	0.01	0.02	0.06	0.03	0.03	0.01	0.04	0.07	0.07	0.08	0.09	0.14	0.05	0.09	0.03	0.07	0.05	0.04	0.01	0
0	0	0	0	0	0	0.02	0	0.07	0.04	0.02	0.05	0.03	0.04	0.03	0.01	0.07	0.1	0.09	0.15	0.12	0.04	0.06	0.03	0.03	0	0
0	0	0	0	0	0	0	0.01	0.05	0.05	0.02	0.03	0.02	0.06	0.01	0.09	0.06	0.1	0.12	0.12	0.13	0.01	0.05	0.05	0.01	0	0.01
0	0	0	0	0	0	0.01	0.01	0.02	0.03	0.03	0.03	0.01	0.06	0.05	0.08	0.05	0.09	0.09	0.12	0.11	0.09	0.05	0.04	0.02	0.01	0
0	0	0	0	0	0.01	0.01	0.04	0.03	0.04	0.03	0.06	0.04	0.04	0.05	0.1	0.07	0.11	0.04	0.09	0.05	0.05	0.06	0.05	0.01	0.02	0
0	0	0	0	0	0	0.02	0.02	0.03	0.05	0.06	0.03	0.02	0.06	0.07	0.06	0.07	0.07	0.1	0.11	0.09	0.04	0.06	0.02	0	0.01	0.01
0	0	0	0	0	0.01	0.03	0.04	0.06	0.06	0.04	0.04	0.07	0.02	0.07	0.04	0.04	0.08	0.05	0.13	0.06	0.03	0.03	0.04	0.02	0.03	0.01
0	0	0	0.01	0	0	0.02	0.03	0.03	0.09	0.04	0.06	0.07	0.08	0	0.04	0.04	0.08	0.08	0.09	0.09	0.04	0.05	0.03	0.02	0	0.01
0	0	0	0	0	0	0	0.02	0.01	0.02	0.07	0.06	0.09	0.09	0.07	0.07	0.1	0.04	0.07	0.08	0.07	0.07	0.02	0.03	0	0.02	0
0	0	0	0	0	0	0.01	0.01	0.02	0.03	0.06	0.08	0.06	0.07	0.07	0.02	0.1	0.1	0.08	0.11	0.06	0.01	0.07	0.03	0.01	0	0
0	0	0	0	0	0.01	0.01	0	0.03	0.03	0.05	0.06	0.04	0.1	0.04	0.07	0.08	0.1	0.09	0.09	0.08	0.04	0.03	0.03	0.01	0	0.01
0	0	0	0	0	0.01	0.01	0.01	0.02	0	0.02	0.07	0.05	0.09	0.06	0.09	0.13	0.09	0.14	0.06	0.05	0.03	0.01	0.02	0.02	0.02	0
0	0	0	0	0	0.01	0.01	0	0.02	0.03	0.02	0.03	0.03	0.07	0.01	0.07	0.13	0.09	0.1	0.07	0.16	0.07	0.03	0.02	0	0.01	0.02
0	0	0	0	0	0.02	0.03	0.04	0.07	0.05	0.07	0.02	0.04	0.04	0.06	0.04	0.08	0.07	0.08	0.06	0.08	0.12	0.01	0.01	0.01	0	0
0	0	0	0	0	0.01	0.01	0	0.04	0.09	0.06	0.06	0.03	0.07	0.05	0.06	0.05	0.09	0.06	0.09	0.08	0.03	0.07	0.03	0.01	0.01	0
0	0	0	0	0	0.03	0.04	0.05	0.09	0.05	0.05	0.05	0.06	0.02	0.06	0.03	0.07	0.05	0.11	0.05	0.05	0.06	0.08	0	0	0	0
0	0	0	0	0.01	0.02	0.01	0.04	0.04	0.05	0.06	0.05	0.1	0.06	0.04	0.05	0.07	0.09	0.05	0.08	0.09	0.02	0.03	0.03	0	0.01	0
0	0	0	0	0	0.04	0.08	0.1	0.05	0.04	0.03	0.03	0.04	0.06	0.02	0.06	0.07	0.07	0.04	0.03	0.08	0.05	0.05	0.04	0.01	0	0.01
0	0	0	0	0.02	0.01	0.03	0.02	0.06	0.05	0.07	0.07	0.12	0.05	0.07	0.12	0.07	0.04	0.09	0.04	0.05	0.01	0.01	0	0	0	0
0	0	0	0	0	0.02	0.01	0.05	0.06	0.05	0.06	0.04	0.08	0.09	0.07	0.08	0.06	0.09	0.09	0.06	0.03	0.02	0.02	0.02	0	0	0
0	0	0	0	0	0	0.05	0.06	0.03	0.08	0.02	0.03	0.04	0.09	0.06	0.1	0.09	0.08	0.05	0.08	0.04	0.06	0.03	0	0	0.01	0
0	0	0	0	0.01	0.01	0.04	0.05	0.08	0.08	0.06	0.04	0.03	0.04	0.03	0.09	0.08	0.09	0.08	0.07	0.03	0.05	0.02	0	0.02	0	0
0	0	0	0	0.01	0.01	0.02	0.03	0.05	0.05	0.06	0.09	0.1	0.07	0.07	0.09	0.08	0.05	0.04	0.08	0.04	0.02	0.03	0.01	0	0	0
0	0	0	0	0.02	0.01	0.02	0.02	0.06	0.05	0.06	0.07	0.05	0.09	0.1	0.03	0.09	0.08	0.06	0.04	0.08	0.04	0.01	0.02	0	0	0
0	0	0	0	0	0	0.03	0.04	0.03	0.05	0.07	0.07	0.08	0.07	0.07	0.06	0.1	0.07	0.07	0.03	0.05	0.06	0.01	0.02	0.01	0.01	0
0	0	0	0	0.01	0.01	0.04	0.06	0.07	0.1	0.05	0.06	0.06	0.06	0.08	0.04	0.06	0.06	0.08	0.01	0.06	0.03	0.02	0.03	0.01	0	0
0	0	0	0	0.01	0	0.03	0.06	0.05	0.1	0.1	0.03	0.08	0.06	0.02	0.05	0.08	0.07	0.06	0.07	0.04	0.05	0.02	0.01	0	0	0.01
0	0	0	0	0	0.02	0.02	0.04	0.13	0.09	0.03	0.06	0.09	0.07	0.08	0.06	0.05	0.04	0.05	0.07	0.04	0.02	0.03	0	0.01	0	0
0	0	0.01	0	0	0	0	0.04	0.05	0.1	0.05	0.05	0.08	0.07	0.05	0.05	0.05	0.11	0.09	0.07	0.07	0.03	0.02	0	0	0	0.01
0	0	0	0	0	0.04	0.04	0.06	0.07	0.07	0.04	0.06	0.07	0.05	0.06	0.13	0.06	0.08	0.04	0.06	0.01	0.02	0.02	0.01	0.01	0	0
0	0	0	0.01	0	0.03	0.01	0.03	0.01	0.12	0.09	0.12	0.11	0.07	0.07	0.06	0.05	0.06	0.03	0.07	0.02	0.03	0	0.01	0	0	0
0	0	0	0	0	0	0.05	0.04	0.04	0.07	0.06	0.08	0.06	0.07	0.09	0.05	0.06	0.04	0.13	0.05	0.04	0.03	0.02	0.01	0	0.01	0
0	0	0	0	0	0.01	0.02	0.03	0.05	0.07	0.07	0.08	0.08	0.1	0.13	0.06	0.1	0.03	0.03	0.02	0.07	0	0.03	0.01	0	0	0.01
0	0	0	0	0	0.01	0.03	0.05	0.08	0.06	0.03	0.04	0.09	0.08	0.09	0.09	0.07	0.05	0.08	0.06	0.01	0.04	0.03	0.01	0	0	0
0	0	0	0.03	0.01	0.01	0	0.06	0.04	0.09	0.02	0.07	0.08	0.11	0.14	0.05	0.03	0.09	0.06	0.06	0.03	0.01	0.01	0	0	0	0
0	0	0	0.01	0.01	0.01	0.07	0.06	0.1	0.11	0.09	0.02	0.08	0.02	0.07	0.14	0.04	0.05	0.02	0.05	0.03	0.02	0	0	0	0	0
0	0	0	0.01	0	0	0.04	0.05	0.06	0.08	0.1	0.11	0.07	0.06	0.06	0.08	0.05	0.09	0.03	0.01	0.03	0.06	0.01	0	0	0	0
0	0	0	0	0.01	0	0.02	0.02	0.05	0.08	0.1	0.07	0.08	0.09	0.04	0.06	0.04	0.11	0.11	0.08	0.03	0	0.01	0	0	0	0
0	0	0	0.01	0	0	0	0	0.05	0.04	0.07	0.13	0.03	0.12	0.09	0.12	0.03	0.06	0.08	0.02	0.05	0.05	0.04	0.01	0	0	0
0	0	0	0	0	0.03	0.03	0.07	0.08	0.07	0.04	0.04	0.08	0.03	0.07	0.08	0.09	0.07	0.01	0.07	0.05	0.05	0.02	0.02	0	0	0
0	0	0	0	0.01	0.01	0.07	0.06	0.09	0.04	0.08	0.04	0.08	0.06	0.09	0.04	0.05	0.14	0.08	0.02	0.01	0.03	0	0	0	0	0
0.01	0	0	0	0	0.02	0.05	0.08	0.11	0.08	0.07	0.04	0.09	0.04	0.04	0.03	0.08	0.05	0.07	0.08	0.04	0	0.02	0	0	0	0
0	0	0	0	0	0	0.01	0.05	0.08	0.11	0.12	0.08	0.08	0.08	0.09	0.04	0.08	0.01	0.03	0.06	0.02	0.02	0.02	0.01	0	0	0.01
0	0	0.01	0	0	0.03	0.04	0.07	0.11	0.13	0.09	0.05	0.03	0.06	0.07	0.06	0.09	0.06	0.02	0	0.02	0.03	0.01	0.01	0.01	0	0
0	0	0	0.01	0.01	0.02	0.06	0.04	0.09	0.09	0.05	0.1	0.05	0.04	0.08	0.07	0.05	0.1	0.02	0.05	0.01	0.01	0.03	0	0.02	0	0
0	0	0	0	0.01	0.02	0.07	0.05	0.07	0.11	0.07	0.1	0.04	0.04	0.12	0.02	0.09	0.06	0.02	0.01	0.04	0.04	0.02	0	0	0	0
0	0	0	0	0	0	0	0.08	0.07	0.04	0.09	0.1	0.13	0.07	0.09	0.11	0.03	0.04	0.05	0.04	0.03	0	0.01	0	0.02	0	0
0	0	0	0	0	0.02	0.01	0.02	0.1	0.1	0.11	0.13	0.19	0.08	0.05	0.01	0.04	0.02	0.03	0.06	0.02	0	0.01	0	0	0	0
0	0	0	0	0	0.02	0.06	0.06	0.12	0.07	0.06	0.09	0.05	0.08	0.09	0.08	0.06	0.03	0.04	0.04	0.02	0.01	0.01	0	0	0	0.01
0	0	0	0	0.04	0	0.03	0.05	0.07	0.1	0.03	0.08	0.07	0.08	0.08	0.09	0.06	0.1	0.04	0.03	0.03	0	0.02	0	0	0	0
0	0	0	0	0	0.01	0.04	0.05	0.09	0.09	0.07	0.07	0.09	0.12	0.1	0.04	0.07	0.03	0.06	0.03	0.02	0	0.01	0	0.01	0	0
0	0	0	0.01	0.01	0.02	0.04	0.06	0.06	0.14	0.06	0.04	0.08	0.12	0.11	0.06	0.04	0.02	0.04	0.03	0.04	0.01	0	0.01	0	0	0
0	0	0	0.01	0.01	0.01	0.02	0.06	0.05	0.12	0.1	0.11	0.05	0.09	0.09	0.07	0.05	0.06	0.01	0.01	0.06	0.01	0.01	0	0	0	0
0	0	0	0.01	0.01	0.02	0.03	0.11	0.08	0.09	0.08	0.1	0.04	0.07	0.04	0.1	0.04	0.04	0.06	0.04	0.01	0.01	0	0.02	0	0	0
0	0	0	0	0.02	0	0.03	0.08	0.07	0.1	0.1	0.04	0.05	0.08	0.09	0.06	0.07	0.06	0.06	0.02	0.03	0.02	0.01	0.01	0	0	0
0	0	0.01	0	0	0.01	0.02	0.04	0.1	0.1	0.07	0.09	0.08	0.09	0.07	0.04	0.07	0.08	0.03	0.03	0.04	0.02	0	0	0.01	0	0
0	0	0.01	0	0.01	0.03	0.02	0.14	0.13	0.1	0.04	0.06	0.1	0.05	0.05	0.08	0.01	0.08	0.03	0.04	0	0.01	0.01	0	0	0	0
0	0	0	0	0	0	0.01	0.03	0.03	0.17	0.14	0.03	0.1	0.1	0.09	0.08	0.08	0.02	0.01	0.06	0.03	0.01	0	0.01	0	0	0
0	0	0	0	0	0.01	0.03	0.07	0.05	0.06	0.05	0.09	0.11	0.12	0.04	0.08	0.12	0.04	0.04	0.03	0.02	0.02	0.01	0.01	0	0	0
0	0	0	0	0.01	0	0	0.04	0.07	0.11	0.04	0.05	0.1	0.08	0.08	0.09	0.14	0.05	0.04	0.04	0.01	0.01	0.02	0.02	0	0	0
0	0	0	0	0	0	0.05	0.06	0.09	0.08	0.04	0.09	0.03	0.03	0.06	0.03	0.05	0.09	0.11	0.1	0.03	0	0.05	0	0.01	0	0
0	0	0	0	0	0	0.03	0.04	0.06	0.06	0.02	0.09	0.11	0.15	0.07	0.07	0.1	0.06	0.05	0.03	0.02	0.02	0.01	0.01	0	0	0
0	0	0	0	0	0	0.06	0.03	0.07	0.06	0.06	0.11	0.08	0.05	0.05	0.1	0.08	0.05	0.07	0.05	0.03	0.03	0.01	0	0.01	0	0
#######CKMR DATA#######
1
50
60	60	60	60	60	62	62	62	62	62	63	63	63	63	63	61	61	64	64	59	65	65	65	65	65	66	66	55	67	67	68	68	68	68	68	68	68	68	68	68	63	63	61	61	58	59	59	59	59	59
63	63	63	63	63	65	65	65	65	65	65	65	65	65	65	66	66	67	67	61	67	67	67	67	67	68	68	65	69	69	70	70	70	70	70	70	70	70	70	70	70	70	70	70	70	65	65	65	65	65
68	68	68	68	68	68	68	68	68	68	68	68	68	68	68	69	69	69	69	69	69	69	69	69	69	69	69	69	69	69	70	70	70	70	70	70	70	70	70	70	70	70	70	70	70	70	70	70	70	70
0	0	0	0	0	0	0	0	0	0	4	0	0	0	0	0	0	0	0	0	12	6	2	0	0	0	0	0	0	0	15	3	0	0	0	0	0	0	0	0	2	3	16	0	0	0	0	0	0	0
0	0	0	0	0	0	0	0	0	0	0	0	0	0	0	1	0	0	0	0	2	0	0	0	0	1	0	0	0	0	0	0	0	0	2	0	0	0	0	0	0	0	0	0	0	2	0	0	0	1
256	154	122	81	42	123	176	73	139	73	156	113	198	119	113	165	225	74	130	87	193	63	260	227	204	189	118	164	264	179	254	101	215	87	182	150	87	174	275	272	90	103	296	190	282	145	128	201	54	176
#######PARAMETER SECTION#######
800	500	1000	-4	800	-0.25	1
0.24	0.01	1	-4	0.24	-0.25	1
-0.33	-5	-0.001	-4	-0.33	-0.25	1
0.1	0.05	0.3	4	0.1	-0.25	1
0	-10	10	4	0	5	1
-1	-2	-0.1	-4	-1	-0.25	1
0.999	0.21	0.99	-3	0.999	-0.25	1
12.8557902681628	10	16	1	12.8557902681628	-0.25	1
0	-1	1	-4	0	-0.25	1
0.51	0.001	1	4	0.51	-0.25	1
2	-6	6	6	0	36	3
2	-6	6	6	0	36	3
2	-6	6	6	0	36	3
2	-6	6	6	0	36	3
2.7	0.1	10	5	2.7	-0.5	3
5	0.1	10	5	5	-0.5	3
3.3	0.1	10	5	3.3	-0.5	3
2.9	0.1	10	5	2.9	-0.5	3
2.7	0.1	10	5	2.7	-0.25	3
5	0.1	10	5	5	-0.25	3
5	0.1	10	-6	5	-0.25	3
1e-04	0.1	10	-6	1e-04	-0.25	3
1.95	0.1	10	5	1.95	-0.5	3
2.5	0.1	10	5	2.5	-0.5	3
-14.2617471423239	-18	-10	2	-14.2617471423239	-1	1
0	0	2	1	1	-1	1
-2.84215785490827	-10	1	1	-2.84215785490827	-1	1
-3.52831964622083	-10	1	1	-3.52831964622083	-1	1
-3.54766513899955	-10	1	1	-3.54766513899955	-1	1
#######DEV CONSTRAINTS and DEVS#######
# Fleet 1 F devs (lower bound, upper bound, phase)
-10	5	3
# Fleet 2 F devs (lower bound, upper bound, phase)
-10	5	3
# Fleet 3 F devs (lower bound, upper bound, phase)
-10	5	3
# Rec devs (lower bound, upper bound, phase)
-5	5	2
# N at age devs (lower bound, upper bound, phase)
-5	5	-3
# Fleet 1 F devs (Initial guesses)
-3.32758886452727	-3.10126469071645	-3.06624412179374	-2.87966837425843	-2.60626085623838	-2.54674198973742	-1.96003061688674	-2.15697513960682	-1.71514663537615	-1.77820265024678	-1.54571921757833	-1.49667601044131	-1.10627480717363	-1.04357839839636	-0.824451998375344	-0.833920733195626	-0.603774562418079	-0.593818390899186	-0.266091908229928	-0.297208094301252	0.0980113424144622	0.203941751293544	0.173967597991866	0.612530410338879	0.370781622248714	0.38349566743817	0.400224081292331	0.2483010603699	0.237192264296504	0.216681172640031	0.211122638585235	0.646326006674331	0.501983929369696	0.14766235416183	0.545897032788917	0.590389830387724	0.606681726961496	0.554632315695872	0.305562697393385	0.517292251305869	0.438904473493578	0.679512300389309	0.603259549367611	0.22146029026897	0.337516578269083	0.808485858506241	0.864821925795538	0.897962256453516	0.241089485872418	0.690884044296142	0.572490175873796	0.318765883092101	0.38375640532875	0.324195887476431	0.236277716582109	-0.0277499849479552	0.238329846902173	0.0534992177040112	-0.147223817841221	-0.264088388819376	-0.194930648385931	-0.639767872634568	-0.401852727960206	-0.694448159797022	-0.873584484801198	-0.928085332689371	-1.24750968214756	-1.36442458055311	-1.43715620148097	-1.90079631251473
# Fleet 2 F devs (Initial guesses)
-1.57578906593314	-1.40063100496137	-1.28408943448486	-1.3156703240858	-0.975481906500819	-1.01698849579681	-1.16097038975629	-0.827170914053694	-1.09764228700182	-0.614201510451332	-0.839963998278878	-0.779413780410459	-0.320455335544441	-0.146231904045557	-0.750303375035662	-0.5553530174701	-0.157617074696728	-0.0496420081493745	-0.166694740829918	-0.258798838929844	-0.237042960856223	0.155184235932236	0.00297091780628511	-0.0257567093810529	0.0241249588193204	-0.26702844170792	-0.163594365925136	0.0544134480510188	0.266704056577026	0.659233815286694	0.380727685771392	0.412355156019222	0.156139244291399	0.652512841369723	0.290724578582725	0.634245585417662	0.539534678161758	0.417229194813057	0.209018901616468	-0.28652484219006	0.276135508803087	0.713185154847118	0.617089242443722	0.365899274185447	0.463008665838866	0.301751405772887	0.572491501910044	0.495186431283904	0.880116558876083	0.617454054681057	0.211551803029598	-0.321863597304485	-0.122497123958858	0.129299425546719	0.637935636180737	-0.276326064836607	0.119698291573016	-0.237166783024214	-0.19226653949125	0.149807007034231	0.01986520379665	-0.36718696597282	-0.338881071911358	-0.494966593953037	-0.480243687705113	-0.214199582455545	-0.694503973333694	-0.478065972975163	-0.571724651797125	-1.01870644275632
# Fleet 3 F devs (Initial guesses)
-8.62764959769461	-8.68301161435592	-7.86619431261386	-7.94299070569227	-7.79136555206835	-7.52551207570661	-7.20001272520815	-7.45657049993314	-7.10928181695112	-6.50692394567699	-6.5756090146232	-6.04775405328717	-6.35864967172749	-5.74432026944192	-5.69061138393709	-5.75761869508958	-5.54634076216081	-5.25306651730052	-5.23695911231631	-4.83388245032791	-3.9168968336422	-4.26848071860729	-3.81478491066049	-3.985199166805	-3.78359655964224	-3.66261718016033	-3.36537030701681	-3.35958562991408	-2.96862519038732	-2.57888564329617	-2.33786834038915	-2.60904056324888	-2.09620310650642	-2.31409951389429	-1.60331335713447	-1.68490784760203	-1.35416152187329	-1.26790792136531	-1.11026292699812	-0.55922309797167	-0.780239159472286	-0.715378868818499	-0.660571361838565	-0.229601049495672	-0.323659034255998	-0.0951625347664695	0.425805291665701	0.381364259882433	0.135114234343672	0.316806014394261	0.75941169858058	0.925033929204974	0.446251675341865	0.781837773211665	1.00211987724712	0.956829182427374	0.97885564489827	1.00073412205694	1.49532576381308	1.24096490657007	0.787185042977222	1.1874852800876	1.2799305363074	1.23105923859206	1.09443817893529	1.04718758882073	0.944662877215749	1.32767014652517	1.21438296078672	1.07546347043845
# Rec devs (Initial guesses)
-0.400470050837779	-0.583185130255887	0.207799631623356	-0.583186655218939	-0.227226229490766	-0.392555975759506	0.153593301010142	-0.233856731219477	-0.841835775146069	-0.355617563576991	-0.44347745780511	0.47973006374466	0.286392595463586	-0.227768176218578	-0.963489577024326	-0.800948957733315	-0.956549586154692	-0.200048599603567	0.463297283211253	-0.739867034098573	0.469551553894216	-0.0521844544339899	0.774953939612463	-0.718918442817231	-0.449819031456639	0.219340901665436	0.228180159167661	-0.288235023898508	-0.153032976009044	-0.154259421033934	0.365538222474839	-0.250377966801754	0.00810282020889433	-0.0594319816260854	0.522299572426708	-0.534380520348654	0.117463946781672	-0.300295876462922	-0.144277835167185	-0.279649994311457	0.475434578148175	-0.0152752366322349	-0.237970224979477	-1.10526612074017	-0.610761550183778	0.12038937232231	-0.475845471224628	-0.743824986180702	-0.00528305855818169	-0.355176299522031	-0.0672093864246483	0.0769097251275025	-0.491579425131552	0.322326214974881	-0.320215576935207	-0.179641801476621	0.0329263312867268	0.0753709482116837	-0.0419300144579174	0.0943255185739107	-0.20833546815525	0.463583663040253	-0.731747660798895	-0.373259101791451	-0.630298193393156	0.0360551720831857	0.0719937209183197	-0.544937430975086	-0.00305903009623518	-0.178866837376025
# N ate age devs (Initial guesses)
0	0	0	0	0	0	0	0	0	0	0	0	0	0	0	0	0	0	0
#######LIKELIHOOD WEIGHTS#######
# Fleet 1, Fleet 2 Landings LL weight
1
# Fleet 3 Discards LL weight
1
# Survey/index values LL weight
1
# Fleet 1 age comps LL weight
1
# Fleet 2 age comps LL weight
1
# Fleet 3 length comps LL weight
1
# Survey/Index age comps LL weight
1
# Additional weights
# Nage_init weight
0
# rec devs weight
1
# rec devs early weight
0
# rec devs late weight
0
# Ftune weight
0
#######MISCELLANEOUS STUFF SECTION#######
# Weight-length a par
2.5e-08
# Weight-length b par
3
# Proportion female
0.5	0.5	0.5	0.5	0.5	0.5	0.5	0.5	0.5	0.5	0.5	0.5	0.5	0.5	0.5	0.5	0.5	0.5	0.5	0.5
# Maturity at age
0.0229773699100256	0.320821300824607	0.904650535100891	0.994779874306442	0.999738809680904	0.999986992871533	0.999999352405202	0.999999967758134	0.999999998394772	0.99999999992008	0.999999999996021	0.999999999999802	0.99999999999999	1	1	1	1	1	1	1
# Fecundity parameters: batch size
22	45	63	77	88	97	104	109	114	117	120	122	123	125	126	126	127	128	128	128
# Fecundity parameters: a
-271137
# Fecundity parameters: b
0.0235
# Fecundity parameters: c
2.7404
# Fecundity parameters: thresh
400
# Fecundity parameters: fecmin
55523
# Natural mortality lengths (for Lorenzen fcn)
21.8615849013585	34.2667028851562	44.0249143110293	51.700995292799	57.7392144568621	62.4890458825402	66.225395617348	69.1645124174365	71.4765035793149	73.295180241788	74.725801974761	75.8511688885648	76.7364138568853	77.4327722128353	77.980547096912	78.4114420823192	78.7503960830344	79.017026743617	79.2267658498458	79.3917524743606
# Natural mortality scalar (for Lorenzen fcn)
0.287
# Spawn fraction
0
# Tuning year
10
# Tuning F
0.2
# Minimum sample size for age comps
1
# Minimum sample size for length comps
1
# Ageing error matrix (if Identity then none)
1	0	0	0	0	0	0	0	0	0	0	0	0	0	0	0	0	0	0	0
0	1	0	0	0	0	0	0	0	0	0	0	0	0	0	0	0	0	0	0
0	0	1	0	0	0	0	0	0	0	0	0	0	0	0	0	0	0	0	0
0	0	0	1	0	0	0	0	0	0	0	0	0	0	0	0	0	0	0	0
0	0	0	0	1	0	0	0	0	0	0	0	0	0	0	0	0	0	0	0
0	0	0	0	0	1	0	0	0	0	0	0	0	0	0	0	0	0	0	0
0	0	0	0	0	0	1	0	0	0	0	0	0	0	0	0	0	0	0	0
0	0	0	0	0	0	0	1	0	0	0	0	0	0	0	0	0	0	0	0
0	0	0	0	0	0	0	0	1	0	0	0	0	0	0	0	0	0	0	0
0	0	0	0	0	0	0	0	0	1	0	0	0	0	0	0	0	0	0	0
0	0	0	0	0	0	0	0	0	0	1	0	0	0	0	0	0	0	0	0
0	0	0	0	0	0	0	0	0	0	0	1	0	0	0	0	0	0	0	0
0	0	0	0	0	0	0	0	0	0	0	0	1	0	0	0	0	0	0	0
0	0	0	0	0	0	0	0	0	0	0	0	0	1	0	0	0	0	0	0
0	0	0	0	0	0	0	0	0	0	0	0	0	0	1	0	0	0	0	0
0	0	0	0	0	0	0	0	0	0	0	0	0	0	0	1	0	0	0	0
0	0	0	0	0	0	0	0	0	0	0	0	0	0	0	0	1	0	0	0
0	0	0	0	0	0	0	0	0	0	0	0	0	0	0	0	0	1	0	0
0	0	0	0	0	0	0	0	0	0	0	0	0	0	0	0	0	0	1	0
0	0	0	0	0	0	0	0	0	0	0	0	0	0	0	0	0	0	0	1
# Projection end year
80
# Projection start year
71
# F Projection type
2
# F Projection mult
1
#######END OF DATA FILE#######
999
